# Final state angular momentum:   1
# Broadening parameter (in eV):    1.000
# Absorbing atom type (xiabs):   1
# Energy (eV)   sigma
  -10.00000000    0.06362948
   -9.86622074    0.06584867
   -9.73244147    0.06803468
   -9.59866221    0.07011713
   -9.46488294    0.07206130
   -9.33110368    0.07385566
   -9.19732441    0.07548164
   -9.06354515    0.07690186
   -8.92976589    0.07809226
   -8.79598662    0.07909467
   -8.66220736    0.08003060
   -8.52842809    0.08104718
   -8.39464883    0.08223367
   -8.26086957    0.08357430
   -8.12709030    0.08496973
   -7.99331104    0.08630401
   -7.85953177    0.08750406
   -7.72575251    0.08855651
   -7.59197324    0.08949220
   -7.45819398    0.09037062
   -7.32441472    0.09127883
   -7.19063545    0.09233188
   -7.05685619    0.09365868
   -6.92307692    0.09537186
   -6.78929766    0.09752681
   -6.65551839    0.10007560
   -6.52173913    0.10283484
   -6.38795987    0.10549973
   -6.25418060    0.10772380
   -6.12040134    0.10924604
   -5.98662207    0.11000835
   -5.85284281    0.11019203
   -5.71906355    0.11013768
   -5.58528428    0.11018505
   -5.45150502    0.11051765
   -5.31772575    0.11108435
   -5.18394649    0.11162274
   -5.05016722    0.11176132
   -4.91638796    0.11114546
   -4.78260870    0.10952807
   -4.64882943    0.10679995
   -4.51505017    0.10298242
   -4.38127090    0.09821414
   -4.24749164    0.09273269
   -4.11371237    0.08683700
   -3.97993311    0.08083893
   -3.84615385    0.07502340
   -3.71237458    0.06962297
   -3.57859532    0.06480484
   -3.44481605    0.06066987
   -3.31103679    0.05726125
   -3.17725753    0.05457627
   -3.04347826    0.05257536
   -2.90969900    0.05118638
   -2.77591973    0.05030749
   -2.64214047    0.04981387
   -2.50836120    0.04957019
   -2.37458194    0.04944244
   -2.24080268    0.04930190
   -2.10702341    0.04902350
   -1.97324415    0.04849096
   -1.83946488    0.04761686
   -1.70568562    0.04637101
   -1.57190635    0.04479827
   -1.43812709    0.04301050
   -1.30434783    0.04115181
   -1.17056856    0.03935144
   -1.03678930    0.03768472
   -0.90301003    0.03615639
   -0.76923077    0.03471111
   -0.63545151    0.03326729
   -0.50167224    0.03176111
   -0.36789298    0.03017851
   -0.23411371    0.02855760
   -0.10033445    0.02696502
    0.03344482    0.02546655
    0.16722408    0.02410896
    0.30100334    0.02291606
    0.43478261    0.02189323
    0.56856187    0.02103423
    0.70234114    0.02032707
    0.83612040    0.01975789
    0.96989967    0.01931323
    1.10367893    0.01898114
    1.23745819    0.01875162
    1.37123746    0.01861673
    1.50501672    0.01857050
    1.63879599    0.01860881
    1.77257525    0.01872928
    1.90635452    0.01893116
    2.04013378    0.01921526
    2.17391304    0.01958402
    2.30769231    0.02004146
    2.44147157    0.02059339
    2.57525084    0.02124753
    2.70903010    0.02201374
    2.84280936    0.02290438
    2.97658863    0.02393462
    3.11036789    0.02512296
    3.24414716    0.02649159
    3.37792642    0.02806686
    3.51170569    0.02987944
    3.64548495    0.03196401
    3.77926421    0.03435813
    3.91304348    0.03709947
    4.04682274    0.04022112
    4.18060201    0.04374455
    4.31438127    0.04767097
    4.44816054    0.05197292
    4.58193980    0.05658744
    4.71571906    0.06141165
    4.84949833    0.06630467
    4.98327759    0.07110794
    5.11705686    0.07569530
    5.25083612    0.08003736
    5.38461538    0.08423388
    5.51839465    0.08848160
    5.65217391    0.09299773
    5.78595318    0.09794724
    5.91973244    0.10339911
    6.05351171    0.10930516
    6.18729097    0.11549156
    6.32107023    0.12167074
    6.45484950    0.12750290
    6.58862876    0.13272543
    6.72240803    0.13730390
    6.85618729    0.14149643
    6.98996656    0.14575731
    7.12374582    0.15051934
    7.25752508    0.15596878
    7.39130435    0.16191213
    7.52508361    0.16778587
    7.65886288    0.17282055
    7.79264214    0.17631541
    7.92642140    0.17790318
    8.06020067    0.17765842
    8.19397993    0.17599161
    8.32775920    0.17341028
    8.46153846    0.17029611
    8.59531773    0.16680381
    8.72909699    0.16288981
    8.86287625    0.15840578
    8.99665552    0.15319909
    9.13043478    0.14720735
    9.26421405    0.14053533
    9.39799331    0.13347072
    9.53177258    0.12641220
    9.66555184    0.11974890
    9.79933110    0.11376690
    9.93311037    0.10862478
   10.06688963    0.10438254
   10.20066890    0.10104303
   10.33444816    0.09857872
   10.46822742    0.09694073
   10.60200669    0.09605924
   10.73578595    0.09584712
   10.86956522    0.09621529
   11.00334448    0.09709147
   11.13712375    0.09841421
   11.27090301    0.10008563
   11.40468227    0.10190919
   11.53846154    0.10357228
   11.67224080    0.10471615
   11.80602007    0.10507227
   11.93979933    0.10457831
   12.07357860    0.10338951
   12.20735786    0.10178377
   12.34113712    0.10003511
   12.47491639    0.09832830
   12.60869565    0.09673452
   12.74247492    0.09523013
   12.87625418    0.09373971
   13.01003344    0.09219360
   13.14381271    0.09058454
   13.27759197    0.08899737
   13.41137124    0.08759854
   13.54515050    0.08659698
   13.67892977    0.08619599
   13.81270903    0.08654628
   13.94648829    0.08770129
   14.08026756    0.08957384
   14.21404682    0.09190043
   14.34782609    0.09423417
   14.48160535    0.09600041
   14.61538462    0.09663269
   14.74916388    0.09574997
   14.88294314    0.09327860
   15.01672241    0.08944017
   15.15050167    0.08462141
   15.28428094    0.07922247
   15.41806020    0.07356978
   15.55183946    0.06790775
   15.68561873    0.06242623
   15.81939799    0.05727885
   15.95317726    0.05258095
   16.08695652    0.04840176
   16.22073579    0.04476485
   16.35451505    0.04165836
   16.48829431    0.03904902
   16.62207358    0.03689467
   16.75585284    0.03515310
   16.88963211    0.03378710
   17.02341137    0.03276659
   17.15719064    0.03206867
   17.29096990    0.03167631
   17.42474916    0.03157597
   17.55852843    0.03175393
   17.69230769    0.03219112
   17.82608696    0.03285719
   17.95986622    0.03370615
   18.09364548    0.03467871
   18.22742475    0.03571648
   18.36120401    0.03678716
   18.49498328    0.03790818
   18.62876254    0.03915209
   18.76254181    0.04062833
   18.89632107    0.04245327
   19.03010033    0.04472312
   19.16387960    0.04749435
   19.29765886    0.05076762
   19.43143813    0.05447257
   19.56521739    0.05845843
   19.69899666    0.06250371
   19.83277592    0.06635447
   19.96655518    0.06978110
   20.10033445    0.07262510
   20.23411371    0.07481764
   20.36789298    0.07637677
   20.50167224    0.07739115
   20.63545151    0.07798710
   20.76923077    0.07828842
   20.90301003    0.07839373
   21.03678930    0.07837464
   21.17056856    0.07827087
   21.30434783    0.07807198
   21.43812709    0.07770854
   21.57190635    0.07707855
   21.70568562    0.07610246
   21.83946488    0.07477357
   21.97324415    0.07317664
   22.10702341    0.07147217
   22.24080268    0.06985532
   22.37458194    0.06850143
   22.50836120    0.06751538
   22.64214047    0.06690608
   22.77591973    0.06659834
   22.90969900    0.06647644
   23.04347826    0.06643368
   23.17725753    0.06639515
   23.31103679    0.06630247
   23.44481605    0.06608662
   23.57859532    0.06566652
   23.71237458    0.06497797
   23.84615385    0.06399908
   23.97993311    0.06274326
   24.11371237    0.06123237
   24.24749164    0.05948332
   24.38127090    0.05751902
   24.51505017    0.05538241
   24.64882943    0.05312935
   24.78260870    0.05080189
   24.91638796    0.04840749
   25.05016722    0.04592825
   25.18394649    0.04335683
   25.31772575    0.04072903
   25.45150502    0.03812555
   25.58528428    0.03564574
   25.71906355    0.03337816
   25.85284281    0.03138559
   25.98662207    0.02970365
   26.12040134    0.02834396
   26.25418060    0.02729590
   26.38795987    0.02652574
   26.52173913    0.02597499
   26.65551839    0.02556144
   26.78929766    0.02518795
   26.92307692    0.02476214
   27.05685619    0.02422197
   27.19063545    0.02355451
   27.32441472    0.02279599
   27.45819398    0.02201332
   27.59197324    0.02127925
   27.72575251    0.02065450
   27.85953177    0.02018100
   27.99331104    0.01988208
   28.12709030    0.01976314
   28.26086957    0.01980912
   28.39464883    0.01997972
   28.52842809    0.02020621
   28.66220736    0.02039667
   28.79598662    0.02045524
   28.92976589    0.02031327
   29.06354515    0.01995635
   29.19732441    0.01942883
   29.33110368    0.01881203
   29.46488294    0.01819171
   29.59866221    0.01763278
   29.73244147    0.01716900
   29.86622074    0.01680518
   30.00000000    0.01652669
