# Final state angular momentum:   1
# Broadening parameter (in eV):    1.500
# Absorbing atom type (xiabs):   1
# Energy (eV)   sigma
  -10.00000000    0.06123670
   -9.86622074    0.06288142
   -9.73244147    0.06451002
   -9.59866221    0.06610492
   -9.46488294    0.06765074
   -9.33110368    0.06913577
   -9.19732441    0.07055289
   -9.06354515    0.07190043
   -8.92976589    0.07318292
   -8.79598662    0.07441101
   -8.66220736    0.07559941
   -8.52842809    0.07676298
   -8.39464883    0.07791245
   -8.26086957    0.07905196
   -8.12709030    0.08017952
   -7.99331104    0.08129034
   -7.85953177    0.08238103
   -7.72575251    0.08345314
   -7.59197324    0.08451465
   -7.45819398    0.08557961
   -7.32441472    0.08666586
   -7.19063545    0.08779129
   -7.05685619    0.08896886
   -6.92307692    0.09020107
   -6.78929766    0.09147520
   -6.65551839    0.09276101
   -6.52173913    0.09401251
   -6.38795987    0.09517477
   -6.25418060    0.09619436
   -6.12040134    0.09703065
   -5.98662207    0.09766329
   -5.85284281    0.09809264
   -5.71906355    0.09833212
   -5.58528428    0.09839518
   -5.45150502    0.09828233
   -5.31772575    0.09797319
   -5.18394649    0.09742673
   -5.05016722    0.09658934
   -4.91638796    0.09540749
   -4.78260870    0.09384099
   -4.64882943    0.09187327
   -4.51505017    0.08951691
   -4.38127090    0.08681423
   -4.24749164    0.08383335
   -4.11371237    0.08066108
   -3.97993311    0.07739394
   -3.84615385    0.07412887
   -3.71237458    0.07095510
   -3.57859532    0.06794794
   -3.44481605    0.06516486
   -3.31103679    0.06264376
   -3.17725753    0.06040297
   -3.04347826    0.05844252
   -2.90969900    0.05674623
   -2.77591973    0.05528449
   -2.64214047    0.05401751
   -2.50836120    0.05289894
   -2.37458194    0.05187955
   -2.24080268    0.05091097
   -2.10702341    0.04994933
   -1.97324415    0.04895879
   -1.83946488    0.04791464
   -1.70568562    0.04680528
   -1.57190635    0.04563219
   -1.43812709    0.04440766
   -1.30434783    0.04315039
   -1.17056856    0.04188028
   -1.03678930    0.04061392
   -0.90301003    0.03936213
   -0.76923077    0.03813011
   -0.63545151    0.03691980
   -0.50167224    0.03573316
   -0.36789298    0.03457491
   -0.23411371    0.03345372
   -0.10033445    0.03238156
    0.03344482    0.03137191
    0.16722408    0.03043766
    0.30100334    0.02958949
    0.43478261    0.02883506
    0.56856187    0.02817897
    0.70234114    0.02762315
    0.83612040    0.02716754
    0.96989967    0.02681082
    1.10367893    0.02655100
    1.23745819    0.02638595
    1.37123746    0.02631371
    1.50501672    0.02633283
    1.63879599    0.02644250
    1.77257525    0.02664272
    1.90635452    0.02693435
    2.04013378    0.02731921
    2.17391304    0.02780012
    2.30769231    0.02838097
    2.44147157    0.02906676
    2.57525084    0.02986366
    2.70903010    0.03077901
    2.84280936    0.03182140
    2.97658863    0.03300055
    3.11036789    0.03432734
    3.24414716    0.03581351
    3.37792642    0.03747141
    3.51170569    0.03931348
    3.64548495    0.04135144
    3.77926421    0.04359532
    3.91304348    0.04605212
    4.04682274    0.04872438
    4.18060201    0.05160867
    4.31438127    0.05469438
    4.44816054    0.05796318
    4.58193980    0.06138962
    4.71571906    0.06494315
    4.84949833    0.06859185
    4.98327759    0.07230750
    5.11705686    0.07607085
    5.25083612    0.07987524
    5.38461538    0.08372674
    5.51839465    0.08764009
    5.65217391    0.09163117
    5.78595318    0.09570844
    5.91973244    0.09986577
    6.05351171    0.10407910
    6.18729097    0.10830803
    6.32107023    0.11250262
    6.45484950    0.11661409
    6.58862876    0.12060599
    6.72240803    0.12446112
    6.85618729    0.12817983
    6.98996656    0.13176849
    7.12374582    0.13522160
    7.25752508    0.13850478
    7.39130435    0.14154646
    7.52508361    0.14424301
    7.65886288    0.14647691
    7.79264214    0.14814177
    7.92642140    0.14916492
    8.06020067    0.14951930
    8.19397993    0.14922117
    8.32775920    0.14831666
    8.46153846    0.14686433
    8.59531773    0.14492122
    8.72909699    0.14253692
    8.86287625    0.13975603
    8.99665552    0.13662595
    9.13043478    0.13320614
    9.26421405    0.12957415
    9.39799331    0.12582579
    9.53177258    0.12206886
    9.66555184    0.11841253
    9.79933110    0.11495627
    9.93311037    0.11178148
   10.06688963    0.10894745
   10.20066890    0.10649099
   10.33444816    0.10442843
   10.46822742    0.10275843
   10.60200669    0.10146471
   10.73578595    0.10051825
   10.86956522    0.09987878
   11.00334448    0.09949552
   11.13712375    0.09930732
   11.27090301    0.09924343
   11.40468227    0.09922615
   11.53846154    0.09917703
   11.67224080    0.09902619
   11.80602007    0.09872246
   11.93979933    0.09824072
   12.07357860    0.09758330
   12.20735786    0.09677466
   12.34113712    0.09585157
   12.47491639    0.09485265
   12.60869565    0.09381094
   12.74247492    0.09275156
   12.87625418    0.09169437
   13.01003344    0.09065931
   13.14381271    0.08967133
   13.27759197    0.08876202
   13.41137124    0.08796662
   13.54515050    0.08731705
   13.67892977    0.08683269
   13.81270903    0.08651123
   13.94648829    0.08632177
   14.08026756    0.08620183
   14.21404682    0.08605997
   14.34782609    0.08578489
   14.48160535    0.08526046
   14.61538462    0.08438423
   14.74916388    0.08308488
   14.88294314    0.08133377
   15.01672241    0.07914735
   15.15050167    0.07658073
   15.28428094    0.07371572
   15.41806020    0.07064760
   15.55183946    0.06747385
   15.68561873    0.06428613
   15.81939799    0.06116518
   15.95317726    0.05817793
   16.08695652    0.05537634
   16.22073579    0.05279767
   16.35451505    0.05046593
   16.48829431    0.04839407
   16.62207358    0.04658657
   16.75585284    0.04504184
   16.88963211    0.04375427
   17.02341137    0.04271580
   17.15719064    0.04191686
   17.29096990    0.04134688
   17.42474916    0.04099442
   17.55852843    0.04084705
   17.69230769    0.04089136
   17.82608696    0.04111320
   17.95986622    0.04149854
   18.09364548    0.04203499
   18.22742475    0.04271378
   18.36120401    0.04353164
   18.49498328    0.04449167
   18.62876254    0.04560244
   18.76254181    0.04687531
   18.89632107    0.04832003
   19.03010033    0.04993983
   19.16387960    0.05172677
   19.29765886    0.05365847
   19.43143813    0.05569678
   19.56521739    0.05778924
   19.69899666    0.05987334
   19.83277592    0.06188309
   19.96655518    0.06375665
   20.10033445    0.06544334
   20.23411371    0.06690839
   20.36789298    0.06813475
   20.50167224    0.06912173
   20.63545151    0.06988127
   20.76923077    0.07043271
   20.90301003    0.07079747
   21.03678930    0.07099453
   21.17056856    0.07103757
   21.30434783    0.07093438
   21.43812709    0.07068882
   21.57190635    0.07030491
   21.70568562    0.06979166
   21.83946488    0.06916675
   21.97324415    0.06845755
   22.10702341    0.06769886
   22.24080268    0.06692808
   22.37458194    0.06617913
   22.50836120    0.06547671
   22.64214047    0.06483257
   22.77591973    0.06424439
   22.90969900    0.06369739
   23.04347826    0.06316772
   23.17725753    0.06262640
   23.31103679    0.06204311
   23.44481605    0.06138938
   23.57859532    0.06064119
   23.71237458    0.05978093
   23.84615385    0.05879828
   23.97993311    0.05768994
   24.11371237    0.05645855
   24.24749164    0.05511130
   24.38127090    0.05365851
   24.51505017    0.05211249
   24.64882943    0.05048652
   24.78260870    0.04879441
   24.91638796    0.04705083
   25.05016722    0.04527258
   25.18394649    0.04347988
   25.31772575    0.04169689
   25.45150502    0.03995075
   25.58528428    0.03826923
   25.71906355    0.03667783
   25.85284281    0.03519704
   25.98662207    0.03384051
   26.12040134    0.03261401
   26.25418060    0.03151532
   26.38795987    0.03053477
   26.52173913    0.02965667
   26.65551839    0.02886140
   26.78929766    0.02812828
   26.92307692    0.02743881
   27.05685619    0.02677946
   27.19063545    0.02614347
   27.32441472    0.02553104
   27.45819398    0.02494792
   27.59197324    0.02440301
   27.72575251    0.02390559
   27.85953177    0.02346293
   27.99331104    0.02307840
   28.12709030    0.02275040
   28.26086957    0.02247193
   28.39464883    0.02223091
   28.52842809    0.02201148
   28.66220736    0.02179607
   28.79598662    0.02156825
   28.92976589    0.02131567
   29.06354515    0.02103221
   29.19732441    0.02071887
   29.33110368    0.02038281
   29.46488294    0.02003524
   29.59866221    0.01968869
   29.73244147    0.01935473
   29.86622074    0.01904245
   30.00000000    0.01875793
