# Final state angular momentum:   1
# Broadening parameter (in eV):    1.000
# Absorbing atom type (xiabs):   1
# Energy (eV)   sigma
  -10.00000000    0.06355169
   -9.86622074    0.06576799
   -9.73244147    0.06795213
   -9.59866221    0.07003396
   -9.46488294    0.07197911
   -9.33110368    0.07377645
   -9.19732441    0.07540781
   -9.06354515    0.07683571
   -8.92976589    0.07803511
   -8.79598662    0.07904626
   -8.66220736    0.07998925
   -8.52842809    0.08101075
   -8.39464883    0.08220051
   -8.26086957    0.08354363
   -8.12709030    0.08494127
   -7.99331104    0.08627744
   -7.85953177    0.08747874
   -7.72575251    0.08853155
   -7.59197324    0.08946682
   -7.45819398    0.09034433
   -7.32441472    0.09125140
   -7.19063545    0.09230326
   -7.05685619    0.09362886
   -6.92307692    0.09534090
   -6.78929766    0.09749486
   -6.65551839    0.10004301
   -6.52173913    0.10280217
   -6.38795987    0.10546778
   -6.25418060    0.10769338
   -6.12040134    0.10921769
   -5.98662207    0.10998213
   -5.85284281    0.11016760
   -5.71906355    0.11011469
   -5.58528428    0.11016366
   -5.45150502    0.11049886
   -5.31772575    0.11106994
   -5.18394649    0.11161480
   -5.05016722    0.11176171
   -4.91638796    0.11115542
   -4.78260870    0.10954814
   -4.64882943    0.10683005
   -4.51505017    0.10302176
   -4.38127090    0.09826104
   -4.24749164    0.09278458
   -4.11371237    0.08689090
   -3.97993311    0.08089216
   -3.84615385    0.07507398
   -3.71237458    0.06966978
   -3.57859532    0.06484746
   -3.44481605    0.06070841
   -3.31103679    0.05729608
   -3.17725753    0.05460792
   -3.04347826    0.05260437
   -2.90969900    0.05121323
   -2.77591973    0.05033253
   -2.64214047    0.04983737
   -2.50836120    0.04959231
   -2.37458194    0.04946329
   -2.24080268    0.04932154
   -2.10702341    0.04904196
   -1.97324415    0.04850819
   -1.83946488    0.04763277
   -1.70568562    0.04638548
   -1.57190635    0.04481123
   -1.43812709    0.04302197
   -1.30434783    0.04116185
   -1.17056856    0.03936021
   -1.03678930    0.03769238
   -0.90301003    0.03616311
   -0.76923077    0.03471701
   -0.63545151    0.03327246
   -0.50167224    0.03176561
   -0.36789298    0.03018237
   -0.23411371    0.02856084
   -0.10033445    0.02696764
    0.03344482    0.02546857
    0.16722408    0.02411042
    0.30100334    0.02291699
    0.43478261    0.02189365
    0.56856187    0.02103417
    0.70234114    0.02032655
    0.83612040    0.01975692
    0.96989967    0.01931182
    1.10367893    0.01897929
    1.23745819    0.01874934
    1.37123746    0.01861399
    1.50501672    0.01856730
    1.63879599    0.01860512
    1.77257525    0.01872507
    1.90635452    0.01892639
    2.04013378    0.01920989
    2.17391304    0.01957799
    2.30769231    0.02003471
    2.44147157    0.02058583
    2.57525084    0.02123907
    2.70903010    0.02200426
    2.84280936    0.02289374
    2.97658863    0.02392267
    3.11036789    0.02510950
    3.24414716    0.02647639
    3.37792642    0.02804965
    3.51170569    0.02985990
    3.64548495    0.03194180
    3.77926421    0.03433286
    3.91304348    0.03707075
    4.04682274    0.04018861
    4.18060201    0.04370796
    4.31438127    0.04763022
    4.44816054    0.05192816
    4.58193980    0.05653915
    4.71571906    0.06136069
    4.84949833    0.06625223
    4.98327759    0.07105533
    5.11705686    0.07564343
    5.25083612    0.07998624
    5.38461538    0.08418253
    5.51839465    0.08842840
    5.65217391    0.09294100
    5.78595318    0.09788576
    5.91973244    0.10333240
    6.05351171    0.10923386
    6.18729097    0.11541753
    6.32107023    0.12159695
    6.45484950    0.12743262
    6.58862876    0.13266088
    6.72240803    0.13724506
    6.85618729    0.14144085
    6.98996656    0.14570130
    7.12374582    0.15045980
    7.25752508    0.15590483
    7.39130435    0.16184582
    7.52508361    0.16772184
    7.65886288    0.17276458
    7.79264214    0.17627241
    7.92642140    0.17787556
    8.06020067    0.17764588
    8.19397993    0.17599213
    8.32775920    0.17342150
    8.46153846    0.17031628
    8.59531773    0.16683199
    8.72909699    0.16292558
    8.86287625    0.15844889
    8.99665552    0.15324906
    9.13043478    0.14726321
    9.26421405    0.14059538
    9.39799331    0.13353278
    9.53177258    0.12647410
    9.66555184    0.11980893
    9.79933110    0.11382396
    9.93311037    0.10867827
   10.06688963    0.10443229
   10.20066890    0.10108923
   10.33444816    0.09862185
   10.46822742    0.09698148
   10.60200669    0.09609832
   10.73578595    0.09588512
   10.86956522    0.09625272
   11.00334448    0.09712884
   11.13712375    0.09845224
   11.27090301    0.10012517
   11.40468227    0.10195103
   11.53846154    0.10361692
   11.67224080    0.10476380
   11.80602007    0.10512300
   11.93979933    0.10463191
   12.07357860    0.10344508
   12.20735786    0.10183952
   12.34113712    0.10008904
   12.47491639    0.09837929
   12.60869565    0.09678266
   12.74247492    0.09527604
   12.87625418    0.09378353
   13.01003344    0.09223476
   13.14381271    0.09062229
   13.27759197    0.08903129
   13.41137124    0.08762863
   13.54515050    0.08662345
   13.67892977    0.08621909
   13.81270903    0.08656641
   13.94648829    0.08771908
   14.08026756    0.08959036
   14.21404682    0.09191729
   14.34782609    0.09425348
   14.48160535    0.09602438
   14.61538462    0.09666303
   14.74916388    0.09578718
   14.88294314    0.09332167
   15.01672241    0.08948694
   15.15050167    0.08466930
   15.28428094    0.07926917
   15.41806020    0.07361364
   15.55183946    0.06794783
   15.68561873    0.06246219
   15.81939799    0.05731077
   15.95317726    0.05260913
   16.08695652    0.04842660
   16.22073579    0.04478677
   16.35451505    0.04167777
   16.48829431    0.03906626
   16.62207358    0.03691004
   16.75585284    0.03516686
   16.88963211    0.03379948
   17.02341137    0.03277777
   17.15719064    0.03207880
   17.29096990    0.03168552
   17.42474916    0.03158438
   17.55852843    0.03176163
   17.69230769    0.03219820
   17.82608696    0.03286376
   17.95986622    0.03371232
   18.09364548    0.03468459
   18.22742475    0.03572216
   18.36120401    0.03679268
   18.49498328    0.03791355
   18.62876254    0.03915725
   18.76254181    0.04063318
   18.89632107    0.04245775
   19.03010033    0.04472718
   19.16387960    0.04749796
   19.29765886    0.05077083
   19.43143813    0.05447549
   19.56521739    0.05846126
   19.69899666    0.06250677
   19.83277592    0.06635821
   19.96655518    0.06978609
   20.10033445    0.07263198
   20.23411371    0.07482696
   20.36789298    0.07638878
   20.50167224    0.07740581
   20.63545151    0.07800411
   20.76923077    0.07830739
   20.90301003    0.07841431
   21.03678930    0.07839654
   21.17056856    0.07829387
   21.30434783    0.07809593
   21.43812709    0.07773329
   21.57190635    0.07710384
   21.70568562    0.07612791
   21.83946488    0.07479872
   21.97324415    0.07320115
   22.10702341    0.07149584
   22.24080268    0.06987816
   22.37458194    0.06852356
   22.50836120    0.06753696
   22.64214047    0.06692722
   22.77591973    0.06661907
   22.90969900    0.06649673
   23.04347826    0.06645350
   23.17725753    0.06641453
   23.31103679    0.06632150
   23.44481605    0.06610540
   23.57859532    0.06568512
   23.71237458    0.06499641
   23.84615385    0.06401735
   23.97993311    0.06276136
   24.11371237    0.06125030
   24.24749164    0.05950102
   24.38127090    0.05753638
   24.51505017    0.05539930
   24.64882943    0.05314568
   24.78260870    0.05081770
   24.91638796    0.04842293
   25.05016722    0.04594346
   25.18394649    0.04337187
   25.31772575    0.04074384
   25.45150502    0.03814000
   25.58528428    0.03565971
   25.71906355    0.03339158
   25.85284281    0.03139846
   25.98662207    0.02971603
   26.12040134    0.02835595
   26.25418060    0.02730759
   26.38795987    0.02653723
   26.52173913    0.02598634
   26.65551839    0.02557262
   26.78929766    0.02519892
   26.92307692    0.02477279
   27.05685619    0.02423219
   27.19063545    0.02356422
   27.32441472    0.02280516
   27.45819398    0.02202195
   27.59197324    0.02128740
   27.72575251    0.02066224
   27.85953177    0.02018840
   27.99331104    0.01988925
   28.12709030    0.01977015
   28.26086957    0.01981606
   28.39464883    0.01998664
   28.52842809    0.02021316
   28.66220736    0.02040364
   28.79598662    0.02046224
   28.92976589    0.02032023
   29.06354515    0.01996321
   29.19732441    0.01943552
   29.33110368    0.01881851
   29.46488294    0.01819792
   29.59866221    0.01763872
   29.73244147    0.01717466
   29.86622074    0.01681055
   30.00000000    0.01653175
