# Final state angular momentum:   1
# Broadening parameter (in eV):    1.000
# Absorbing atom type (xiabs):   1
# Energy (eV)   sigma
  -10.00000000    0.00536583
   -9.95995996    0.00543334
   -9.91991992    0.00550256
   -9.87987988    0.00557354
   -9.83983984    0.00564632
   -9.79979980    0.00572095
   -9.75975976    0.00579749
   -9.71971972    0.00587598
   -9.67967968    0.00595649
   -9.63963964    0.00603907
   -9.59959960    0.00612380
   -9.55955956    0.00621074
   -9.51951952    0.00629995
   -9.47947948    0.00639151
   -9.43943944    0.00648549
   -9.39939940    0.00658198
   -9.35935936    0.00668104
   -9.31931932    0.00678276
   -9.27927928    0.00688722
   -9.23923924    0.00699450
   -9.19919920    0.00710471
   -9.15915916    0.00721791
   -9.11911912    0.00733422
   -9.07907908    0.00745373
   -9.03903904    0.00757652
   -8.99899900    0.00770272
   -8.95895896    0.00783242
   -8.91891892    0.00796573
   -8.87887888    0.00810276
   -8.83883884    0.00824365
   -8.79879880    0.00838850
   -8.75875876    0.00853746
   -8.71871872    0.00869065
   -8.67867868    0.00884823
   -8.63863864    0.00901035
   -8.59859860    0.00917718
   -8.55855856    0.00934888
   -8.51851852    0.00952565
   -8.47847848    0.00970768
   -8.43843844    0.00989517
   -8.39839840    0.01008835
   -8.35835836    0.01028745
   -8.31831832    0.01049272
   -8.27827828    0.01070441
   -8.23823824    0.01092280
   -8.19819820    0.01114817
   -8.15815816    0.01138082
   -8.11811812    0.01162107
   -8.07807808    0.01186925
   -8.03803804    0.01212571
   -7.99799800    0.01239082
   -7.95795796    0.01266498
   -7.91791792    0.01294859
   -7.87787788    0.01324211
   -7.83783784    0.01354598
   -7.79779780    0.01386071
   -7.75775776    0.01418681
   -7.71771772    0.01452485
   -7.67767768    0.01487540
   -7.63763764    0.01523907
   -7.59759760    0.01561653
   -7.55755756    0.01600845
   -7.51751752    0.01641556
   -7.47747748    0.01683861
   -7.43743744    0.01727842
   -7.39739740    0.01773581
   -7.35735736    0.01821167
   -7.31731732    0.01870692
   -7.27727728    0.01922255
   -7.23723724    0.01975958
   -7.19719720    0.02031909
   -7.15715716    0.02090221
   -7.11711712    0.02151014
   -7.07707708    0.02214412
   -7.03703704    0.02280550
   -6.99699700    0.02349564
   -6.95695696    0.02421602
   -6.91691692    0.02496815
   -6.87687688    0.02575366
   -6.83683684    0.02657421
   -6.79679680    0.02743155
   -6.75675676    0.02832752
   -6.71671672    0.02926401
   -6.67667668    0.03024296
   -6.63663664    0.03126642
   -6.59659660    0.03233644
   -6.55655656    0.03345515
   -6.51651652    0.03462470
   -6.47647648    0.03584729
   -6.43643644    0.03712511
   -6.39639640    0.03846036
   -6.35635636    0.03985522
   -6.31631632    0.04131183
   -6.27627628    0.04283226
   -6.23623624    0.04441852
   -6.19619620    0.04607246
   -6.15615616    0.04779576
   -6.11611612    0.04958989
   -6.07607608    0.05145600
   -6.03603604    0.05339488
   -5.99599600    0.05540683
   -5.95595596    0.05749153
   -5.91591592    0.05964795
   -5.87587588    0.06187414
   -5.83583584    0.06416709
   -5.79579580    0.06652252
   -5.75575576    0.06893472
   -5.71571572    0.07139633
   -5.67567568    0.07389818
   -5.63563564    0.07642917
   -5.59559560    0.07897613
   -5.55555556    0.08152379
   -5.51551552    0.08405485
   -5.47547548    0.08655006
   -5.43543544    0.08898851
   -5.39539540    0.09134797
   -5.35535536    0.09360534
   -5.31531532    0.09573730
   -5.27527528    0.09772090
   -5.23523524    0.09953434
   -5.19519520    0.10115771
   -5.15515516    0.10257367
   -5.11511512    0.10376804
   -5.07507508    0.10473036
   -5.03503504    0.10545406
   -4.99499499    0.10593667
   -4.95495495    0.10617961
   -4.91491491    0.10618795
   -4.87487487    0.10596988
   -4.83483483    0.10553620
   -4.79479479    0.10489961
   -4.75475475    0.10407413
   -4.71471471    0.10307450
   -4.67467467    0.10191567
   -4.63463463    0.10061246
   -4.59459459    0.09917925
   -4.55455455    0.09762983
   -4.51451451    0.09597740
   -4.47447447    0.09423451
   -4.43443443    0.09241315
   -4.39439439    0.09052484
   -4.35435435    0.08858059
   -4.31431431    0.08659106
   -4.27427427    0.08456644
   -4.23423423    0.08251652
   -4.19419419    0.08045061
   -4.15415415    0.07837748
   -4.11411411    0.07630531
   -4.07407407    0.07424168
   -4.03403403    0.07219352
   -3.99399399    0.07016710
   -3.95395395    0.06816806
   -3.91391391    0.06620146
   -3.87387387    0.06427176
   -3.83383383    0.06238294
   -3.79379379    0.06053848
   -3.75375375    0.05874144
   -3.71371371    0.05699448
   -3.67367367    0.05529988
   -3.63363363    0.05365955
   -3.59359359    0.05207509
   -3.55355355    0.05054774
   -3.51351351    0.04907841
   -3.47347347    0.04766772
   -3.43343343    0.04631599
   -3.39339339    0.04502324
   -3.35335335    0.04378926
   -3.31331331    0.04261359
   -3.27327327    0.04149555
   -3.23323323    0.04043431
   -3.19319319    0.03942886
   -3.15315315    0.03847809
   -3.11311311    0.03758077
   -3.07307307    0.03673564
   -3.03303303    0.03594137
   -2.99299299    0.03519663
   -2.95295295    0.03450009
   -2.91291291    0.03385045
   -2.87287287    0.03324646
   -2.83283283    0.03268692
   -2.79279279    0.03217071
   -2.75275275    0.03169678
   -2.71271271    0.03126419
   -2.67267267    0.03087206
   -2.63263263    0.03051964
   -2.59259259    0.03020625
   -2.55255255    0.02993129
   -2.51251251    0.02969424
   -2.47247247    0.02949465
   -2.43243243    0.02933214
   -2.39239239    0.02920635
   -2.35235235    0.02911695
   -2.31231231    0.02906363
   -2.27227227    0.02904605
   -2.23223223    0.02906386
   -2.19219219    0.02911664
   -2.15215215    0.02920392
   -2.11211211    0.02932510
   -2.07207207    0.02947946
   -2.03203203    0.02966613
   -1.99199199    0.02988404
   -1.95195195    0.03013190
   -1.91191191    0.03040817
   -1.87187187    0.03071100
   -1.83183183    0.03103823
   -1.79179179    0.03138732
   -1.75175175    0.03175535
   -1.71171171    0.03213895
   -1.67167167    0.03253430
   -1.63163163    0.03293710
   -1.59159159    0.03334255
   -1.55155155    0.03374539
   -1.51151151    0.03413985
   -1.47147147    0.03451979
   -1.43143143    0.03487867
   -1.39139139    0.03520975
   -1.35135135    0.03550616
   -1.31131131    0.03576111
   -1.27127127    0.03596804
   -1.23123123    0.03612090
   -1.19119119    0.03621431
   -1.15115115    0.03624381
   -1.11111111    0.03620606
   -1.07107107    0.03609897
   -1.03103103    0.03592181
   -0.99099099    0.03567527
   -0.95095095    0.03536141
   -0.91091091    0.03498359
   -0.87087087    0.03454631
   -0.83083083    0.03405503
   -0.79079079    0.03351595
   -0.75075075    0.03293575
   -0.71071071    0.03232139
   -0.67067067    0.03167988
   -0.63063063    0.03101807
   -0.59059059    0.03034251
   -0.55055055    0.02965932
   -0.51051051    0.02897410
   -0.47047047    0.02829186
   -0.43043043    0.02761701
   -0.39039039    0.02695336
   -0.35035035    0.02630412
   -0.31031031    0.02567197
   -0.27027027    0.02505905
   -0.23023023    0.02446704
   -0.19019019    0.02389722
   -0.15015015    0.02335051
   -0.11011011    0.02282751
   -0.07007007    0.02232856
   -0.03003003    0.02185377
    0.01001001    0.02140310
    0.05005005    0.02097633
    0.09009009    0.02057315
    0.13013013    0.02019313
    0.17017017    0.01983581
    0.21021021    0.01950066
    0.25025025    0.01918711
    0.29029029    0.01889459
    0.33033033    0.01862251
    0.37037037    0.01837029
    0.41041041    0.01813735
    0.45045045    0.01792311
    0.49049049    0.01772703
    0.53053053    0.01754859
    0.57057057    0.01738726
    0.61061061    0.01724258
    0.65065065    0.01711408
    0.69069069    0.01700136
    0.73073073    0.01690402
    0.77077077    0.01682172
    0.81081081    0.01675414
    0.85085085    0.01670103
    0.89089089    0.01666214
    0.93093093    0.01663731
    0.97097097    0.01662642
    1.01101101    0.01662938
    1.05105105    0.01664618
    1.09109109    0.01667685
    1.13113113    0.01672146
    1.17117117    0.01678014
    1.21121121    0.01685307
    1.25125125    0.01694046
    1.29129129    0.01704257
    1.33133133    0.01715966
    1.37137137    0.01729206
    1.41141141    0.01744006
    1.45145145    0.01760401
    1.49149149    0.01778423
    1.53153153    0.01798104
    1.57157157    0.01819475
    1.61161161    0.01842562
    1.65165165    0.01867388
    1.69169169    0.01893972
    1.73173173    0.01922323
    1.77177177    0.01952443
    1.81181181    0.01984322
    1.85185185    0.02017938
    1.89189189    0.02053253
    1.93193193    0.02090212
    1.97197197    0.02128741
    2.01201201    0.02168742
    2.05205205    0.02210093
    2.09209209    0.02252648
    2.13213213    0.02296232
    2.17217217    0.02340645
    2.21221221    0.02385659
    2.25225225    0.02431024
    2.29229229    0.02476467
    2.33233233    0.02521704
    2.37237237    0.02566441
    2.41241241    0.02610386
    2.45245245    0.02653259
    2.49249249    0.02694800
    2.53253253    0.02734785
    2.57257257    0.02773031
    2.61261261    0.02809408
    2.65265265    0.02843847
    2.69269269    0.02876343
    2.73273273    0.02906955
    2.77277277    0.02935807
    2.81281281    0.02963080
    2.85285285    0.02989006
    2.89289289    0.03013855
    2.93293293    0.03037926
    2.97297297    0.03061532
    3.01301301    0.03084992
    3.05305305    0.03108615
    3.09309309    0.03132693
    3.13313313    0.03157496
    3.17317317    0.03183262
    3.21321321    0.03210198
    3.25325325    0.03238481
    3.29329329    0.03268253
    3.33333333    0.03299633
    3.37337337    0.03332716
    3.41341341    0.03367585
    3.45345345    0.03404309
    3.49349349    0.03442958
    3.53353353    0.03483603
    3.57357357    0.03526322
    3.61361361    0.03571202
    3.65365365    0.03618340
    3.69369369    0.03667842
    3.73373373    0.03719816
    3.77377377    0.03774372
    3.81381381    0.03831610
    3.85385385    0.03891615
    3.89389389    0.03954447
    3.93393393    0.04020137
    3.97397397    0.04088672
    4.01401401    0.04159997
    4.05405405    0.04234003
    4.09409409    0.04310531
    4.13413413    0.04389371
    4.17417417    0.04470262
    4.21421421    0.04552899
    4.25425425    0.04636947
    4.29429429    0.04722044
    4.33433433    0.04807821
    4.37437437    0.04893914
    4.41441441    0.04979979
    4.45445445    0.05065703
    4.49449449    0.05150821
    4.53453453    0.05235116
    4.57457457    0.05318430
    4.61461461    0.05400653
    4.65465465    0.05481720
    4.69469469    0.05561595
    4.73473473    0.05640253
    4.77477477    0.05717657
    4.81481481    0.05793731
    4.85485485    0.05868342
    4.89489489    0.05941275
    4.93493493    0.06012209
    4.97497497    0.06080714
    5.01501502    0.06146239
    5.05505506    0.06208114
    5.09509510    0.06265565
    5.13513514    0.06317732
    5.17517518    0.06363700
    5.21521522    0.06402534
    5.25525526    0.06433320
    5.29529530    0.06455216
    5.33533534    0.06467491
    5.37537538    0.06469571
    5.41541542    0.06461077
    5.45545546    0.06441848
    5.49549550    0.06411962
    5.53553554    0.06371737
    5.57557558    0.06321722
    5.61561562    0.06262676
    5.65565566    0.06195542
    5.69569570    0.06121404
    5.73573574    0.06041450
    5.77577578    0.05956928
    5.81581582    0.05869103
    5.85585586    0.05779222
    5.89589590    0.05688480
    5.93593594    0.05597992
    5.97597598    0.05508776
    6.01601602    0.05421733
    6.05605606    0.05337640
    6.09609610    0.05257143
    6.13613614    0.05180758
    6.17617618    0.05108869
    6.21621622    0.05041730
    6.25625626    0.04979473
    6.29629630    0.04922106
    6.33633634    0.04869527
    6.37637638    0.04821521
    6.41641642    0.04777775
    6.45645646    0.04737878
    6.49649650    0.04701337
    6.53653654    0.04667583
    6.57657658    0.04635984
    6.61661662    0.04605864
    6.65665666    0.04576516
    6.69669670    0.04547225
    6.73673674    0.04517288
    6.77677678    0.04486040
    6.81681682    0.04452871
    6.85685686    0.04417253
    6.89689690    0.04378759
    6.93693694    0.04337071
    6.97697698    0.04291999
    7.01701702    0.04243478
    7.05705706    0.04191569
    7.09709710    0.04136448
    7.13713714    0.04078394
    7.17717718    0.04017771
    7.21721722    0.03955005
    7.25725726    0.03890563
    7.29729730    0.03824934
    7.33733734    0.03758604
    7.37737738    0.03692038
    7.41741742    0.03625668
    7.45745746    0.03559878
    7.49749750    0.03494996
    7.53753754    0.03431289
    7.57757758    0.03368961
    7.61761762    0.03308153
    7.65765766    0.03248947
    7.69769770    0.03191373
    7.73773774    0.03135411
    7.77777778    0.03081006
    7.81781782    0.03028073
    7.85785786    0.02976509
    7.89789790    0.02926201
    7.93793794    0.02877039
    7.97797798    0.02828921
    8.01801802    0.02781764
    8.05805806    0.02735506
    8.09809810    0.02690112
    8.13813814    0.02645574
    8.17817818    0.02601914
    8.21821822    0.02559177
    8.25825826    0.02517431
    8.29829830    0.02476762
    8.33833834    0.02437264
    8.37837838    0.02399043
    8.41841842    0.02362201
    8.45845846    0.02326838
    8.49849850    0.02293046
    8.53853854    0.02260903
    8.57857858    0.02230472
    8.61861862    0.02201799
    8.65865866    0.02174911
    8.69869870    0.02149813
    8.73873874    0.02126490
    8.77877878    0.02104906
    8.81881882    0.02085004
    8.85885886    0.02066703
    8.89889890    0.02049908
    8.93893894    0.02034500
    8.97897898    0.02020346
    9.01901902    0.02007299
    9.05905906    0.01995200
    9.09909910    0.01983882
    9.13913914    0.01973177
    9.17917918    0.01962918
    9.21921922    0.01952943
    9.25925926    0.01943105
    9.29929930    0.01933275
    9.33933934    0.01923347
    9.37937938    0.01913240
    9.41941942    0.01902906
    9.45945946    0.01892327
    9.49949950    0.01881518
    9.53953954    0.01870523
    9.57957958    0.01859417
    9.61961962    0.01848298
    9.65965966    0.01837283
    9.69969970    0.01826506
    9.73973974    0.01816108
    9.77977978    0.01806237
    9.81981982    0.01797038
    9.85985986    0.01788655
    9.89989990    0.01781222
    9.93993994    0.01774862
    9.97997998    0.01769687
   10.02002002    0.01765793
   10.06006006    0.01763262
   10.10010010    0.01762158
   10.14014014    0.01762529
   10.18018018    0.01764405
   10.22022022    0.01767798
   10.26026026    0.01772702
   10.30030030    0.01779092
   10.34034034    0.01786923
   10.38038038    0.01796131
   10.42042042    0.01806633
   10.46046046    0.01818325
   10.50050050    0.01831085
   10.54054054    0.01844770
   10.58058058    0.01859221
   10.62062062    0.01874267
   10.66066066    0.01889722
   10.70070070    0.01905396
   10.74074074    0.01921096
   10.78078078    0.01936635
   10.82082082    0.01951834
   10.86086086    0.01966537
   10.90090090    0.01980609
   10.94094094    0.01993947
   10.98098098    0.02006485
   11.02102102    0.02018193
   11.06106106    0.02029085
   11.10110110    0.02039211
   11.14114114    0.02048660
   11.18118118    0.02057551
   11.22122122    0.02066029
   11.26126126    0.02074254
   11.30130130    0.02082396
   11.34134134    0.02090624
   11.38138138    0.02099096
   11.42142142    0.02107953
   11.46146146    0.02117313
   11.50150150    0.02127260
   11.54154154    0.02137843
   11.58158158    0.02149072
   11.62162162    0.02160914
   11.66166166    0.02173294
   11.70170170    0.02186095
   11.74174174    0.02199164
   11.78178178    0.02212311
   11.82182182    0.02225318
   11.86186186    0.02237948
   11.90190190    0.02249952
   11.94194194    0.02261081
   11.98198198    0.02271098
   12.02202202    0.02279787
   12.06206206    0.02286967
   12.10210210    0.02292499
   12.14214214    0.02296298
   12.18218218    0.02298337
   12.22222222    0.02298646
   12.26226226    0.02297320
   12.30230230    0.02294507
   12.34234234    0.02290407
   12.38238238    0.02285263
   12.42242242    0.02279352
   12.46246246    0.02272970
   12.50250250    0.02266426
   12.54254254    0.02260030
   12.58258258    0.02254083
   12.62262262    0.02248868
   12.66266266    0.02244643
   12.70270270    0.02241638
   12.74274274    0.02240046
   12.78278278    0.02240023
   12.82282282    0.02241682
   12.86286286    0.02245094
   12.90290290    0.02250286
   12.94294294    0.02257239
   12.98298298    0.02265888
   13.02302302    0.02276121
   13.06306306    0.02287781
   13.10310310    0.02300664
   13.14314314    0.02314527
   13.18318318    0.02329082
   13.22322322    0.02344008
   13.26326326    0.02358954
   13.30330330    0.02373548
   13.34334334    0.02387403
   13.38338338    0.02400135
   13.42342342    0.02411366
   13.46346346    0.02420749
   13.50350350    0.02427972
   13.54354354    0.02432775
   13.58358358    0.02434961
   13.62362362    0.02434404
   13.66366366    0.02431058
   13.70370370    0.02424952
   13.74374374    0.02416197
   13.78378378    0.02404974
   13.82382382    0.02391531
   13.86386386    0.02376167
   13.90390390    0.02359222
   13.94394394    0.02341064
   13.98398398    0.02322077
   14.02402402    0.02302644
   14.06406406    0.02283141
   14.10410410    0.02263923
   14.14414414    0.02245323
   14.18418418    0.02227638
   14.22422422    0.02211131
   14.26426426    0.02196026
   14.30430430    0.02182507
   14.34434434    0.02170716
   14.38438438    0.02160755
   14.42442442    0.02152686
   14.46446446    0.02146529
   14.50450450    0.02142266
   14.54454454    0.02139843
   14.58458458    0.02139164
   14.62462462    0.02140101
   14.66466466    0.02142493
   14.70470470    0.02146143
   14.74474474    0.02150831
   14.78478478    0.02156310
   14.82482482    0.02162315
   14.86486486    0.02168570
   14.90490490    0.02174792
   14.94494494    0.02180705
   14.98498498    0.02186046
   15.02502503    0.02190575
   15.06506507    0.02194086
   15.10510511    0.02196414
   15.14514515    0.02197445
   15.18518519    0.02197116
   15.22522523    0.02195423
   15.26526527    0.02192420
   15.30530531    0.02188213
   15.34534535    0.02182959
   15.38538539    0.02176855
   15.42542543    0.02170131
   15.46546547    0.02163040
   15.50550551    0.02155849
   15.54554555    0.02148828
   15.58558559    0.02142239
   15.62562563    0.02136332
   15.66566567    0.02131335
   15.70570571    0.02127449
   15.74574575    0.02124846
   15.78578579    0.02123658
   15.82582583    0.02123985
   15.86586587    0.02125882
   15.90590591    0.02129366
   15.94594595    0.02134412
   15.98598599    0.02140949
   16.02602603    0.02148867
   16.06606607    0.02158013
   16.10610611    0.02168191
   16.14614615    0.02179169
   16.18618619    0.02190680
   16.22622623    0.02202426
   16.26626627    0.02214086
   16.30630631    0.02225321
   16.34634635    0.02235788
   16.38638639    0.02245147
   16.42642643    0.02253075
   16.46646647    0.02259277
   16.50650651    0.02263497
   16.54654655    0.02265533
   16.58658659    0.02265240
   16.62662663    0.02262544
   16.66666667    0.02257437
   16.70670671    0.02249985
   16.74674675    0.02240320
   16.78678679    0.02228635
   16.82682683    0.02215179
   16.86686687    0.02200240
   16.90690691    0.02184137
   16.94694695    0.02167211
   16.98698699    0.02149808
   17.02702703    0.02132275
   17.06706707    0.02114945
   17.10710711    0.02098135
   17.14714715    0.02082137
   17.18718719    0.02067216
   17.22722723    0.02053608
   17.26726727    0.02041516
   17.30730731    0.02031110
   17.34734735    0.02022531
   17.38738739    0.02015885
   17.42742743    0.02011251
   17.46746747    0.02008675
   17.50750751    0.02008174
   17.54754755    0.02009737
   17.58758759    0.02013324
   17.62762763    0.02018865
   17.66766767    0.02026264
   17.70770771    0.02035393
   17.74774775    0.02046099
   17.78778779    0.02058201
   17.82782783    0.02071493
   17.86786787    0.02085742
   17.90790791    0.02100699
   17.94794795    0.02116096
   17.98798799    0.02131659
   18.02802803    0.02147107
   18.06806807    0.02162168
   18.10810811    0.02176584
   18.14814815    0.02190121
   18.18818819    0.02202580
   18.22822823    0.02213804
   18.26826827    0.02223687
   18.30830831    0.02232178
   18.34834835    0.02239282
   18.38838839    0.02245065
   18.42842843    0.02249646
   18.46846847    0.02253195
   18.50850851    0.02255921
   18.54854855    0.02258068
   18.58858859    0.02259900
   18.62862863    0.02261695
   18.66866867    0.02263728
   18.70870871    0.02266266
   18.74874875    0.02269558
   18.78878879    0.02273823
   18.82882883    0.02279250
   18.86886887    0.02285987
   18.90890891    0.02294138
   18.94894895    0.02303763
   18.98898899    0.02314867
   19.02902903    0.02327409
   19.06906907    0.02341292
   19.10910911    0.02356367
   19.14914915    0.02372436
   19.18918919    0.02389250
   19.22922923    0.02406515
   19.26926927    0.02423898
   19.30930931    0.02441033
   19.34934935    0.02457531
   19.38938939    0.02472990
   19.42942943    0.02487012
   19.46946947    0.02499211
   19.50950951    0.02509233
   19.54954955    0.02516766
   19.58958959    0.02521561
   19.62962963    0.02523434
   19.66966967    0.02522284
   19.70970971    0.02518091
   19.74974975    0.02510921
   19.78978979    0.02500923
   19.82982983    0.02488319
   19.86986987    0.02473400
   19.90990991    0.02456506
   19.94994995    0.02438021
   19.98998999    0.02418351
   20.03003003    0.02397915
   20.07007007    0.02377130
   20.11011011    0.02356403
   20.15015015    0.02336119
   20.19019019    0.02316632
   20.23023023    0.02298266
   20.27027027    0.02281307
   20.31031031    0.02266001
   20.35035035    0.02252553
   20.39039039    0.02241131
   20.43043043    0.02231860
   20.47047047    0.02224826
   20.51051051    0.02220079
   20.55055055    0.02217627
   20.59059059    0.02217444
   20.63063063    0.02219464
   20.67067067    0.02223585
   20.71071071    0.02229668
   20.75075075    0.02237537
   20.79079079    0.02246979
   20.83083083    0.02257748
   20.87087087    0.02269564
   20.91091091    0.02282118
   20.95095095    0.02295074
   20.99099099    0.02308083
   21.03103103    0.02320780
   21.07107107    0.02332802
   21.11111111    0.02343795
   21.15115115    0.02353428
   21.19119119    0.02361403
   21.23123123    0.02367468
   21.27127127    0.02371428
   21.31131131    0.02373152
   21.35135135    0.02372580
   21.39139139    0.02369726
   21.43143143    0.02364675
   21.47147147    0.02357584
   21.51151151    0.02348667
   21.55155155    0.02338193
   21.59159159    0.02326470
   21.63163163    0.02313835
   21.67167167    0.02300641
   21.71171171    0.02287246
   21.75175175    0.02274000
   21.79179179    0.02261240
   21.83183183    0.02249279
   21.87187187    0.02238402
   21.91191191    0.02228860
   21.95195195    0.02220870
   21.99199199    0.02214609
   22.03203203    0.02210215
   22.07207207    0.02207787
   22.11211211    0.02207383
   22.15215215    0.02209020
   22.19219219    0.02212677
   22.23223223    0.02218289
   22.27227227    0.02225753
   22.31231231    0.02234925
   22.35235235    0.02245623
   22.39239239    0.02257625
   22.43243243    0.02270674
   22.47247247    0.02284482
   22.51251251    0.02298731
   22.55255255    0.02313082
   22.59259259    0.02327182
   22.63263263    0.02340674
   22.67267267    0.02353206
   22.71271271    0.02364445
   22.75275275    0.02374090
   22.79279279    0.02381879
   22.83283283    0.02387608
   22.87287287    0.02391135
   22.91291291    0.02392385
   22.95295295    0.02391360
   22.99299299    0.02388134
   23.03303303    0.02382852
   23.07307307    0.02375723
   23.11311311    0.02367010
   23.15315315    0.02357022
   23.19319319    0.02346099
   23.23323323    0.02334602
   23.27327327    0.02322898
   23.31331331    0.02311354
   23.35335335    0.02300324
   23.39339339    0.02290142
   23.43343343    0.02281117
   23.47347347    0.02273528
   23.51351351    0.02267618
   23.55355355    0.02263598
   23.59359359    0.02261638
   23.63363363    0.02261874
   23.67367367    0.02264401
   23.71371371    0.02269278
   23.75375375    0.02276523
   23.79379379    0.02286116
   23.83383383    0.02297995
   23.87387387    0.02312057
   23.91391391    0.02328159
   23.95395395    0.02346111
   23.99399399    0.02365682
   24.03403403    0.02386595
   24.07407407    0.02408530
   24.11411411    0.02431126
   24.15415415    0.02453984
   24.19419419    0.02476674
   24.23423423    0.02498739
   24.27427427    0.02519710
   24.31431431    0.02539115
   24.35435435    0.02556494
   24.39439439    0.02571414
   24.43443443    0.02583483
   24.47447447    0.02592371
   24.51451451    0.02597817
   24.55455455    0.02599644
   24.59459459    0.02597769
   24.63463463    0.02592201
   24.67467467    0.02583046
   24.71471471    0.02570499
   24.75475475    0.02554834
   24.79479479    0.02536397
   24.83483483    0.02515583
   24.87487487    0.02492832
   24.91491491    0.02468600
   24.95495495    0.02443356
   24.99499499    0.02417560
   25.03503504    0.02391659
   25.07507508    0.02366070
   25.11511512    0.02341179
   25.15515516    0.02317334
   25.19519520    0.02294842
   25.23523524    0.02273969
   25.27527528    0.02254937
   25.31531532    0.02237927
   25.35535536    0.02223079
   25.39539540    0.02210493
   25.43543544    0.02200232
   25.47547548    0.02192322
   25.51551552    0.02186751
   25.55555556    0.02183474
   25.59559560    0.02182410
   25.63563564    0.02183443
   25.67567568    0.02186424
   25.71571572    0.02191168
   25.75575576    0.02197458
   25.79579580    0.02205043
   25.83583584    0.02213646
   25.87587588    0.02222959
   25.91591592    0.02232654
   25.95595596    0.02242389
   25.99599600    0.02251812
   26.03603604    0.02260573
   26.07607608    0.02268334
   26.11611612    0.02274781
   26.15615616    0.02279634
   26.19619620    0.02282659
   26.23623624    0.02283678
   26.27627628    0.02282574
   26.31631632    0.02279300
   26.35635636    0.02273878
   26.39639640    0.02266398
   26.43643644    0.02257017
   26.47647648    0.02245945
   26.51651652    0.02233441
   26.55655656    0.02219802
   26.59659660    0.02205348
   26.63663664    0.02190415
   26.67667668    0.02175340
   26.71671672    0.02160456
   26.75675676    0.02146081
   26.79679680    0.02132512
   26.83683684    0.02120020
   26.87687688    0.02108848
   26.91691692    0.02099207
   26.95695696    0.02091277
   26.99699700    0.02085203
   27.03703704    0.02081097
   27.07707708    0.02079038
   27.11711712    0.02079072
   27.15715716    0.02081214
   27.19719720    0.02085442
   27.23723724    0.02091704
   27.27727728    0.02099913
   27.31731732    0.02109948
   27.35735736    0.02121653
   27.39739740    0.02134838
   27.43743744    0.02149279
   27.47747748    0.02164718
   27.51751752    0.02180866
   27.55755756    0.02197406
   27.59759760    0.02214001
   27.63763764    0.02230294
   27.67767768    0.02245925
   27.71771772    0.02260531
   27.75775776    0.02273769
   27.79779780    0.02285316
   27.83783784    0.02294891
   27.87787788    0.02302259
   27.91791792    0.02307249
   27.95795796    0.02309753
   27.99799800    0.02309739
   28.03803804    0.02307247
   28.07807808    0.02302391
   28.11811812    0.02295352
   28.15815816    0.02286369
   28.19819820    0.02275733
   28.23823824    0.02263773
   28.27827828    0.02250841
   28.31831832    0.02237307
   28.35835836    0.02223543
   28.39839840    0.02209911
   28.43843844    0.02196765
   28.47847848    0.02184431
   28.51851852    0.02173216
   28.55855856    0.02163392
   28.59859860    0.02155206
   28.63863864    0.02148870
   28.67867868    0.02144567
   28.71871872    0.02142448
   28.75875876    0.02142635
   28.79879880    0.02145220
   28.83883884    0.02150267
   28.87887888    0.02157811
   28.91891892    0.02167861
   28.95895896    0.02180394
   28.99899900    0.02195361
   29.03903904    0.02212680
   29.07907908    0.02232237
   29.11911912    0.02253887
   29.15915916    0.02277446
   29.19919920    0.02302695
   29.23923924    0.02329378
   29.27927928    0.02357200
   29.31931932    0.02385831
   29.35935936    0.02414906
   29.39939940    0.02444031
   29.43943944    0.02472791
   29.47947948    0.02500754
   29.51951952    0.02527488
   29.55955956    0.02552570
   29.59959960    0.02575599
   29.63963964    0.02596216
   29.67967968    0.02614112
   29.71971972    0.02629049
   29.75975976    0.02640863
   29.79979980    0.02649479
   29.83983984    0.02654913
   29.87987988    0.02657269
   29.91991992    0.02656741
   29.95995996    0.02653600
   30.00000000    0.02648182
