# Final state angular momentum:   1
# Broadening parameter (in eV):    1.500
# Absorbing atom type (xiabs):   1
# Energy (eV)   sigma
  -10.00000000    0.00769135
   -9.95995996    0.00778507
   -9.91991992    0.00788093
   -9.87987988    0.00797897
   -9.83983984    0.00807925
   -9.79979980    0.00818183
   -9.75975976    0.00828677
   -9.71971972    0.00839412
   -9.67967968    0.00850395
   -9.63963964    0.00861633
   -9.59959960    0.00873131
   -9.55955956    0.00884898
   -9.51951952    0.00896939
   -9.47947948    0.00909263
   -9.43943944    0.00921877
   -9.39939940    0.00934789
   -9.35935936    0.00948008
   -9.31931932    0.00961542
   -9.27927928    0.00975400
   -9.23923924    0.00989591
   -9.19919920    0.01004124
   -9.15915916    0.01019011
   -9.11911912    0.01034261
   -9.07907908    0.01049884
   -9.03903904    0.01065892
   -8.99899900    0.01082297
   -8.95895896    0.01099110
   -8.91891892    0.01116344
   -8.87887888    0.01134011
   -8.83883884    0.01152125
   -8.79879880    0.01170700
   -8.75875876    0.01189750
   -8.71871872    0.01209289
   -8.67867868    0.01229333
   -8.63863864    0.01249899
   -8.59859860    0.01271002
   -8.55855856    0.01292660
   -8.51851852    0.01314890
   -8.47847848    0.01337712
   -8.43843844    0.01361143
   -8.39839840    0.01385206
   -8.35835836    0.01409919
   -8.31831832    0.01435305
   -8.27827828    0.01461386
   -8.23823824    0.01488186
   -8.19819820    0.01515729
   -8.15815816    0.01544041
   -8.11811812    0.01573147
   -8.07807808    0.01603075
   -8.03803804    0.01633854
   -7.99799800    0.01665513
   -7.95795796    0.01698084
   -7.91791792    0.01731597
   -7.87787788    0.01766086
   -7.83783784    0.01801586
   -7.79779780    0.01838131
   -7.75775776    0.01875759
   -7.71771772    0.01914508
   -7.67767768    0.01954417
   -7.63763764    0.01995526
   -7.59759760    0.02037877
   -7.55755756    0.02081513
   -7.51751752    0.02126478
   -7.47747748    0.02172817
   -7.43743744    0.02220576
   -7.39739740    0.02269802
   -7.35735736    0.02320544
   -7.31731732    0.02372851
   -7.27727728    0.02426773
   -7.23723724    0.02482360
   -7.19719720    0.02539664
   -7.15715716    0.02598737
   -7.11711712    0.02659629
   -7.07707708    0.02722395
   -7.03703704    0.02787084
   -6.99699700    0.02853749
   -6.95695696    0.02922440
   -6.91691692    0.02993208
   -6.87687688    0.03066101
   -6.83683684    0.03141165
   -6.79679680    0.03218445
   -6.75675676    0.03297983
   -6.71671672    0.03379817
   -6.67667668    0.03463981
   -6.63663664    0.03550507
   -6.59659660    0.03639417
   -6.55655656    0.03730732
   -6.51651652    0.03824461
   -6.47647648    0.03920607
   -6.43643644    0.04019165
   -6.39639640    0.04120118
   -6.35635636    0.04223436
   -6.31631632    0.04329079
   -6.27627628    0.04436989
   -6.23623624    0.04547093
   -6.19619620    0.04659301
   -6.15615616    0.04773504
   -6.11611612    0.04889569
   -6.07607608    0.05007342
   -6.03603604    0.05126646
   -5.99599600    0.05247275
   -5.95595596    0.05368999
   -5.91591592    0.05491558
   -5.87587588    0.05614664
   -5.83583584    0.05737999
   -5.79579580    0.05861216
   -5.75575576    0.05983940
   -5.71571572    0.06105768
   -5.67567568    0.06226271
   -5.63563564    0.06344998
   -5.59559560    0.06461477
   -5.55555556    0.06575221
   -5.51551552    0.06685729
   -5.47547548    0.06792497
   -5.43543544    0.06895018
   -5.39539540    0.06992792
   -5.35535536    0.07085331
   -5.31531532    0.07172165
   -5.27527528    0.07252850
   -5.23523524    0.07326975
   -5.19519520    0.07394165
   -5.15515516    0.07454088
   -5.11511512    0.07506460
   -5.07507508    0.07551048
   -5.03503504    0.07587674
   -4.99499499    0.07616212
   -4.95495495    0.07636595
   -4.91491491    0.07648808
   -4.87487487    0.07652892
   -4.83483483    0.07648935
   -4.79479479    0.07637078
   -4.75475475    0.07617501
   -4.71471471    0.07590427
   -4.67467467    0.07556114
   -4.63463463    0.07514852
   -4.59459459    0.07466958
   -4.55455455    0.07412772
   -4.51451451    0.07352653
   -4.47447447    0.07286977
   -4.43443443    0.07216131
   -4.39439439    0.07140510
   -4.35435435    0.07060518
   -4.31431431    0.06976559
   -4.27427427    0.06889041
   -4.23423423    0.06798367
   -4.19419419    0.06704939
   -4.15415415    0.06609151
   -4.11411411    0.06511388
   -4.07407407    0.06412026
   -4.03403403    0.06311429
   -3.99399399    0.06209945
   -3.95395395    0.06107910
   -3.91391391    0.06005639
   -3.87387387    0.05903433
   -3.83383383    0.05801573
   -3.79379379    0.05700322
   -3.75375375    0.05599921
   -3.71371371    0.05500596
   -3.67367367    0.05402550
   -3.63363363    0.05305969
   -3.59359359    0.05211022
   -3.55355355    0.05117859
   -3.51351351    0.05026614
   -3.47347347    0.04937405
   -3.43343343    0.04850337
   -3.39339339    0.04765501
   -3.35335335    0.04682974
   -3.31331331    0.04602823
   -3.27327327    0.04525104
   -3.23323323    0.04449863
   -3.19319319    0.04377137
   -3.15315315    0.04306958
   -3.11311311    0.04239346
   -3.07307307    0.04174317
   -3.03303303    0.04111882
   -2.99299299    0.04052043
   -2.95295295    0.03994801
   -2.91291291    0.03940148
   -2.87287287    0.03888076
   -2.83283283    0.03838569
   -2.79279279    0.03791610
   -2.75275275    0.03747176
   -2.71271271    0.03705244
   -2.67267267    0.03665783
   -2.63263263    0.03628761
   -2.59259259    0.03594144
   -2.55255255    0.03561892
   -2.51251251    0.03531963
   -2.47247247    0.03504309
   -2.43243243    0.03478882
   -2.39239239    0.03455627
   -2.35235235    0.03434485
   -2.31231231    0.03415393
   -2.27227227    0.03398283
   -2.23223223    0.03383082
   -2.19219219    0.03369709
   -2.15215215    0.03358081
   -2.11211211    0.03348105
   -2.07207207    0.03339683
   -2.03203203    0.03332711
   -1.99199199    0.03327075
   -1.95195195    0.03322657
   -1.91191191    0.03319330
   -1.87187187    0.03316960
   -1.83183183    0.03315406
   -1.79179179    0.03314522
   -1.75175175    0.03314153
   -1.71171171    0.03314142
   -1.67167167    0.03314327
   -1.63163163    0.03314543
   -1.59159159    0.03314621
   -1.55155155    0.03314397
   -1.51151151    0.03313705
   -1.47147147    0.03312383
   -1.43143143    0.03310277
   -1.39139139    0.03307237
   -1.35135135    0.03303126
   -1.31131131    0.03297817
   -1.27127127    0.03291196
   -1.23123123    0.03283166
   -1.19119119    0.03273644
   -1.15115115    0.03262567
   -1.11111111    0.03249889
   -1.07107107    0.03235583
   -1.03103103    0.03219640
   -0.99099099    0.03202073
   -0.95095095    0.03182910
   -0.91091091    0.03162197
   -0.87087087    0.03139997
   -0.83083083    0.03116386
   -0.79079079    0.03091454
   -0.75075075    0.03065302
   -0.71071071    0.03038041
   -0.67067067    0.03009788
   -0.63063063    0.02980666
   -0.59059059    0.02950802
   -0.55055055    0.02920325
   -0.51051051    0.02889365
   -0.47047047    0.02858050
   -0.43043043    0.02826506
   -0.39039039    0.02794855
   -0.35035035    0.02763216
   -0.31031031    0.02731702
   -0.27027027    0.02700419
   -0.23023023    0.02669469
   -0.19019019    0.02638945
   -0.15015015    0.02608934
   -0.11011011    0.02579518
   -0.07007007    0.02550768
   -0.03003003    0.02522752
    0.01001001    0.02495531
    0.05005005    0.02469156
    0.09009009    0.02443678
    0.13013013    0.02419136
    0.17017017    0.02395569
    0.21021021    0.02373008
    0.25025025    0.02351481
    0.29029029    0.02331010
    0.33033033    0.02311616
    0.37037037    0.02293315
    0.41041041    0.02276119
    0.45045045    0.02260041
    0.49049049    0.02245087
    0.53053053    0.02231265
    0.57057057    0.02218578
    0.61061061    0.02207031
    0.65065065    0.02196624
    0.69069069    0.02187358
    0.73073073    0.02179234
    0.77077077    0.02172251
    0.81081081    0.02166406
    0.85085085    0.02161698
    0.89089089    0.02158124
    0.93093093    0.02155681
    0.97097097    0.02154366
    1.01101101    0.02154176
    1.05105105    0.02155105
    1.09109109    0.02157150
    1.13113113    0.02160305
    1.17117117    0.02164565
    1.21121121    0.02169924
    1.25125125    0.02176374
    1.29129129    0.02183908
    1.33133133    0.02192516
    1.37137137    0.02202188
    1.41141141    0.02212913
    1.45145145    0.02224677
    1.49149149    0.02237466
    1.53153153    0.02251261
    1.57157157    0.02266045
    1.61161161    0.02281795
    1.65165165    0.02298487
    1.69169169    0.02316096
    1.73173173    0.02334590
    1.77177177    0.02353939
    1.81181181    0.02374107
    1.85185185    0.02395057
    1.89189189    0.02416746
    1.93193193    0.02439133
    1.97197197    0.02462172
    2.01201201    0.02485815
    2.05205205    0.02510013
    2.09209209    0.02534715
    2.13213213    0.02559871
    2.17217217    0.02585431
    2.21221221    0.02611345
    2.25225225    0.02637565
    2.29229229    0.02664046
    2.33233233    0.02690746
    2.37237237    0.02717626
    2.41241241    0.02744654
    2.45245245    0.02771803
    2.49249249    0.02799051
    2.53253253    0.02826384
    2.57257257    0.02853794
    2.61261261    0.02881279
    2.65265265    0.02908847
    2.69269269    0.02936509
    2.73273273    0.02964284
    2.77277277    0.02992196
    2.81281281    0.03020274
    2.85285285    0.03048551
    2.89289289    0.03077062
    2.93293293    0.03105845
    2.97297297    0.03134938
    3.01301301    0.03164379
    3.05305305    0.03194203
    3.09309309    0.03224446
    3.13313313    0.03255139
    3.17317317    0.03286310
    3.21321321    0.03317983
    3.25325325    0.03350177
    3.29329329    0.03382908
    3.33333333    0.03416188
    3.37337337    0.03450023
    3.41341341    0.03484417
    3.45345345    0.03519371
    3.49349349    0.03554885
    3.53353353    0.03590954
    3.57357357    0.03627577
    3.61361361    0.03664749
    3.65365365    0.03702468
    3.69369369    0.03740732
    3.73373373    0.03779543
    3.77377377    0.03818903
    3.81381381    0.03858817
    3.85385385    0.03899291
    3.89389389    0.03940333
    3.93393393    0.03981951
    3.97397397    0.04024155
    4.01401401    0.04066949
    4.05405405    0.04110338
    4.09409409    0.04154320
    4.13413413    0.04198887
    4.17417417    0.04244023
    4.21421421    0.04289701
    4.25425425    0.04335882
    4.29429429    0.04382515
    4.33433433    0.04429530
    4.37437437    0.04476843
    4.41441441    0.04524352
    4.45445445    0.04571934
    4.49449449    0.04619449
    4.53453453    0.04666737
    4.57457457    0.04713619
    4.61461461    0.04759901
    4.65465465    0.04805369
    4.69469469    0.04849797
    4.73473473    0.04892948
    4.77477477    0.04934576
    4.81481481    0.04974431
    4.85485485    0.05012260
    4.89489489    0.05047817
    4.93493493    0.05080862
    4.97497497    0.05111167
    5.01501502    0.05138522
    5.05505506    0.05162740
    5.09509510    0.05183657
    5.13513514    0.05201142
    5.17517518    0.05215094
    5.21521522    0.05225448
    5.25525526    0.05232173
    5.29529530    0.05235280
    5.33533534    0.05234811
    5.37537538    0.05230849
    5.41541542    0.05223509
    5.45545546    0.05212934
    5.49549550    0.05199300
    5.53553554    0.05182803
    5.57557558    0.05163659
    5.61561562    0.05142098
    5.65565566    0.05118361
    5.69569570    0.05092693
    5.73573574    0.05065338
    5.77577578    0.05036536
    5.81581582    0.05006518
    5.85585586    0.04975504
    5.89589590    0.04943696
    5.93593594    0.04911278
    5.97597598    0.04878414
    6.01601602    0.04845244
    6.05605606    0.04811886
    6.09609610    0.04778433
    6.13613614    0.04744954
    6.17617618    0.04711495
    6.21621622    0.04678078
    6.25625626    0.04644706
    6.29629630    0.04611360
    6.33633634    0.04578007
    6.37637638    0.04544597
    6.41641642    0.04511070
    6.45645646    0.04477355
    6.49649650    0.04443378
    6.53653654    0.04409061
    6.57657658    0.04374328
    6.61661662    0.04339104
    6.65665666    0.04303322
    6.69669670    0.04266925
    6.73673674    0.04229864
    6.77677678    0.04192107
    6.81681682    0.04153633
    6.85685686    0.04114437
    6.89689690    0.04074530
    6.93693694    0.04033937
    6.97697698    0.03992701
    7.01701702    0.03950875
    7.05705706    0.03908527
    7.09709710    0.03865736
    7.13713714    0.03822588
    7.17717718    0.03779179
    7.21721722    0.03735606
    7.25725726    0.03691972
    7.29729730    0.03648380
    7.33733734    0.03604930
    7.37737738    0.03561719
    7.41741742    0.03518842
    7.45745746    0.03476383
    7.49749750    0.03434421
    7.53753754    0.03393025
    7.57757758    0.03352257
    7.61761762    0.03312167
    7.65765766    0.03272794
    7.69769770    0.03234168
    7.73773774    0.03196310
    7.77777778    0.03159229
    7.81781782    0.03122925
    7.85785786    0.03087393
    7.89789790    0.03052616
    7.93793794    0.03018572
    7.97797798    0.02985235
    8.01801802    0.02952574
    8.05805806    0.02920553
    8.09809810    0.02889137
    8.13813814    0.02858288
    8.17817818    0.02827972
    8.21821822    0.02798152
    8.25825826    0.02768798
    8.29829830    0.02739881
    8.33833834    0.02711379
    8.37837838    0.02683273
    8.41841842    0.02655550
    8.45845846    0.02628204
    8.49849850    0.02601235
    8.53853854    0.02574646
    8.57857858    0.02548449
    8.61861862    0.02522660
    8.65865866    0.02497301
    8.69869870    0.02472395
    8.73873874    0.02447972
    8.77877878    0.02424062
    8.81881882    0.02400700
    8.85885886    0.02377921
    8.89889890    0.02355758
    8.93893894    0.02334249
    8.97897898    0.02313427
    9.01901902    0.02293326
    9.05905906    0.02273978
    9.09909910    0.02255412
    9.13913914    0.02237654
    9.17917918    0.02220729
    9.21921922    0.02204657
    9.25925926    0.02189455
    9.29929930    0.02175138
    9.33933934    0.02161715
    9.37937938    0.02149192
    9.41941942    0.02137572
    9.45945946    0.02126853
    9.49949950    0.02117030
    9.53953954    0.02108093
    9.57957958    0.02100030
    9.61961962    0.02092822
    9.65965966    0.02086449
    9.69969970    0.02080886
    9.73973974    0.02076103
    9.77977978    0.02072070
    9.81981982    0.02068749
    9.85985986    0.02066102
    9.89989990    0.02064087
    9.93993994    0.02062658
    9.97997998    0.02061769
   10.02002002    0.02061371
   10.06006006    0.02061412
   10.10010010    0.02061840
   10.14014014    0.02062606
   10.18018018    0.02063656
   10.22022022    0.02064940
   10.26026026    0.02066410
   10.30030030    0.02068020
   10.34034034    0.02069729
   10.38038038    0.02071496
   10.42042042    0.02073290
   10.46046046    0.02075082
   10.50050050    0.02076851
   10.54054054    0.02078580
   10.58058058    0.02080262
   10.62062062    0.02081893
   10.66066066    0.02083478
   10.70070070    0.02085028
   10.74074074    0.02086560
   10.78078078    0.02088097
   10.82082082    0.02089666
   10.86086086    0.02091300
   10.90090090    0.02093032
   10.94094094    0.02094901
   10.98098098    0.02096945
   11.02102102    0.02099203
   11.06106106    0.02101714
   11.10110110    0.02104516
   11.14114114    0.02107643
   11.18118118    0.02111126
   11.22122122    0.02114993
   11.26126126    0.02119266
   11.30130130    0.02123961
   11.34134134    0.02129089
   11.38138138    0.02134655
   11.42142142    0.02140655
   11.46146146    0.02147080
   11.50150150    0.02153911
   11.54154154    0.02161123
   11.58158158    0.02168685
   11.62162162    0.02176557
   11.66166166    0.02184691
   11.70170170    0.02193036
   11.74174174    0.02201531
   11.78178178    0.02210113
   11.82182182    0.02218714
   11.86186186    0.02227261
   11.90190190    0.02235680
   11.94194194    0.02243897
   11.98198198    0.02251837
   12.02202202    0.02259426
   12.06206206    0.02266595
   12.10210210    0.02273279
   12.14214214    0.02279417
   12.18218218    0.02284958
   12.22222222    0.02289859
   12.26226226    0.02294084
   12.30230230    0.02297611
   12.34234234    0.02300426
   12.38238238    0.02302527
   12.42242242    0.02303924
   12.46246246    0.02304639
   12.50250250    0.02304703
   12.54254254    0.02304157
   12.58258258    0.02303054
   12.62262262    0.02301451
   12.66266266    0.02299416
   12.70270270    0.02297019
   12.74274274    0.02294336
   12.78278278    0.02291445
   12.82282282    0.02288425
   12.86286286    0.02285354
   12.90290290    0.02282309
   12.94294294    0.02279364
   12.98298298    0.02276587
   13.02302302    0.02274044
   13.06306306    0.02271790
   13.10310310    0.02269877
   13.14314314    0.02268347
   13.18318318    0.02267233
   13.22322322    0.02266561
   13.26326326    0.02266346
   13.30330330    0.02266595
   13.34334334    0.02267305
   13.38338338    0.02268463
   13.42342342    0.02270046
   13.46346346    0.02272024
   13.50350350    0.02274357
   13.54354354    0.02276998
   13.58358358    0.02279889
   13.62362362    0.02282970
   13.66366366    0.02286173
   13.70370370    0.02289424
   13.74374374    0.02292648
   13.78378378    0.02295764
   13.82382382    0.02298695
   13.86386386    0.02301361
   13.90390390    0.02303684
   13.94394394    0.02305591
   13.98398398    0.02307014
   14.02402402    0.02307891
   14.06406406    0.02308168
   14.10410410    0.02307800
   14.14414414    0.02306753
   14.18418418    0.02305003
   14.22422422    0.02302537
   14.26426426    0.02299356
   14.30430430    0.02295471
   14.34434434    0.02290907
   14.38438438    0.02285697
   14.42442442    0.02279888
   14.46446446    0.02273534
   14.50450450    0.02266699
   14.54454454    0.02259454
   14.58458458    0.02251876
   14.62462462    0.02244046
   14.66466466    0.02236048
   14.70470470    0.02227970
   14.74474474    0.02219897
   14.78478478    0.02211916
   14.82482482    0.02204110
   14.86486486    0.02196560
   14.90490490    0.02189343
   14.94494494    0.02182530
   14.98498498    0.02176189
   15.02502503    0.02170379
   15.06506507    0.02165154
   15.10510511    0.02160560
   15.14514515    0.02156636
   15.18518519    0.02153415
   15.22522523    0.02150919
   15.26526527    0.02149165
   15.30530531    0.02148160
   15.34534535    0.02147904
   15.38538539    0.02148390
   15.42542543    0.02149599
   15.46546547    0.02151508
   15.50550551    0.02154085
   15.54554555    0.02157290
   15.58558559    0.02161074
   15.62562563    0.02165383
   15.66566567    0.02170155
   15.70570571    0.02175321
   15.74574575    0.02180808
   15.78578579    0.02186536
   15.82582583    0.02192421
   15.86586587    0.02198375
   15.90590591    0.02204309
   15.94594595    0.02210132
   15.98598599    0.02215751
   16.02602603    0.02221078
   16.06606607    0.02226024
   16.10610611    0.02230507
   16.14614615    0.02234448
   16.18618619    0.02237778
   16.22622623    0.02240434
   16.26626627    0.02242363
   16.30630631    0.02243524
   16.34634635    0.02243886
   16.38638639    0.02243432
   16.42642643    0.02242155
   16.46646647    0.02240064
   16.50650651    0.02237178
   16.54654655    0.02233528
   16.58658659    0.02229158
   16.62662663    0.02224123
   16.66666667    0.02218486
   16.70670671    0.02212319
   16.74674675    0.02205701
   16.78678679    0.02198716
   16.82682683    0.02191453
   16.86686687    0.02184004
   16.90690691    0.02176461
   16.94694695    0.02168917
   16.98698699    0.02161464
   17.02702703    0.02154192
   17.06706707    0.02147187
   17.10710711    0.02140531
   17.14714715    0.02134303
   17.18718719    0.02128575
   17.22722723    0.02123414
   17.26726727    0.02118880
   17.30730731    0.02115027
   17.34734735    0.02111902
   17.38738739    0.02109547
   17.42742743    0.02107994
   17.46746747    0.02107271
   17.50750751    0.02107396
   17.54754755    0.02108382
   17.58758759    0.02110234
   17.62762763    0.02112950
   17.66766767    0.02116519
   17.70770771    0.02120926
   17.74774775    0.02126147
   17.78778779    0.02132150
   17.82782783    0.02138896
   17.86786787    0.02146341
   17.90790791    0.02154431
   17.94794795    0.02163108
   17.98798799    0.02172305
   18.02802803    0.02181950
   18.06806807    0.02191965
   18.10810811    0.02202267
   18.14814815    0.02212767
   18.18818819    0.02223375
   18.22822823    0.02233996
   18.26826827    0.02244534
   18.30830831    0.02254893
   18.34834835    0.02264976
   18.38838839    0.02274691
   18.42842843    0.02283947
   18.46846847    0.02292660
   18.50850851    0.02300753
   18.54854855    0.02308156
   18.58858859    0.02314809
   18.62862863    0.02320663
   18.66866867    0.02325680
   18.70870871    0.02329835
   18.74874875    0.02333117
   18.78878879    0.02335527
   18.82882883    0.02337080
   18.86886887    0.02337804
   18.90890891    0.02337739
   18.94894895    0.02336936
   18.98898899    0.02335457
   19.02902903    0.02333375
   19.06906907    0.02330766
   19.10910911    0.02327718
   19.14914915    0.02324318
   19.18918919    0.02320659
   19.22922923    0.02316835
   19.26926927    0.02312939
   19.30930931    0.02309062
   19.34934935    0.02305293
   19.38938939    0.02301717
   19.42942943    0.02298411
   19.46946947    0.02295448
   19.50950951    0.02292893
   19.54954955    0.02290802
   19.58958959    0.02289223
   19.62962963    0.02288197
   19.66966967    0.02287752
   19.70970971    0.02287909
   19.74974975    0.02288677
   19.78978979    0.02290057
   19.82982983    0.02292038
   19.86986987    0.02294601
   19.90990991    0.02297716
   19.94994995    0.02301345
   19.98998999    0.02305438
   20.03003003    0.02309941
   20.07007007    0.02314787
   20.11011011    0.02319905
   20.15015015    0.02325217
   20.19019019    0.02330640
   20.23023023    0.02336085
   20.27027027    0.02341463
   20.31031031    0.02346680
   20.35035035    0.02351644
   20.39039039    0.02356265
   20.43043043    0.02360456
   20.47047047    0.02364132
   20.51051051    0.02367218
   20.55055055    0.02369645
   20.59059059    0.02371353
   20.63063063    0.02372296
   20.67067067    0.02372435
   20.71071071    0.02371747
   20.75075075    0.02370220
   20.79079079    0.02367857
   20.83083083    0.02364674
   20.87087087    0.02360699
   20.91091091    0.02355974
   20.95095095    0.02350552
   20.99099099    0.02344496
   21.03103103    0.02337879
   21.07107107    0.02330781
   21.11111111    0.02323291
   21.15115115    0.02315499
   21.19119119    0.02307502
   21.23123123    0.02299396
   21.27127127    0.02291278
   21.31131131    0.02283247
   21.35135135    0.02275395
   21.39139139    0.02267814
   21.43143143    0.02260590
   21.47147147    0.02253806
   21.51151151    0.02247536
   21.55155155    0.02241851
   21.59159159    0.02236811
   21.63163163    0.02232472
   21.67167167    0.02228881
   21.71171171    0.02226077
   21.75175175    0.02224092
   21.79179179    0.02222948
   21.83183183    0.02222659
   21.87187187    0.02223233
   21.91191191    0.02224667
   21.95195195    0.02226950
   21.99199199    0.02230064
   22.03203203    0.02233980
   22.07207207    0.02238664
   22.11211211    0.02244072
   22.15215215    0.02250152
   22.19219219    0.02256845
   22.23223223    0.02264083
   22.27227227    0.02271792
   22.31231231    0.02279893
   22.35235235    0.02288299
   22.39239239    0.02296919
   22.43243243    0.02305656
   22.47247247    0.02314413
   22.51251251    0.02323090
   22.55255255    0.02331583
   22.59259259    0.02339794
   22.63263263    0.02347625
   22.67267267    0.02354980
   22.71271271    0.02361772
   22.75275275    0.02367919
   22.79279279    0.02373349
   22.83283283    0.02377997
   22.87287287    0.02381814
   22.91291291    0.02384760
   22.95295295    0.02386810
   22.99299299    0.02387951
   23.03303303    0.02388186
   23.07307307    0.02387531
   23.11311311    0.02386015
   23.15315315    0.02383683
   23.19319319    0.02380588
   23.23323323    0.02376797
   23.27327327    0.02372386
   23.31331331    0.02367439
   23.35335335    0.02362046
   23.39339339    0.02356304
   23.43343343    0.02350311
   23.47347347    0.02344168
   23.51351351    0.02337976
   23.55355355    0.02331835
   23.59359359    0.02325843
   23.63363363    0.02320092
   23.67367367    0.02314671
   23.71371371    0.02309663
   23.75375375    0.02305144
   23.79379379    0.02301183
   23.83383383    0.02297840
   23.87387387    0.02295168
   23.91391391    0.02293211
   23.95395395    0.02292003
   23.99399399    0.02291570
   24.03403403    0.02291928
   24.07407407    0.02293083
   24.11411411    0.02295032
   24.15415415    0.02297762
   24.19419419    0.02301251
   24.23423423    0.02305465
   24.27427427    0.02310364
   24.31431431    0.02315897
   24.35435435    0.02322003
   24.39439439    0.02328612
   24.43443443    0.02335649
   24.47447447    0.02343027
   24.51451451    0.02350654
   24.55455455    0.02358432
   24.59459459    0.02366256
   24.63463463    0.02374019
   24.67467467    0.02381609
   24.71471471    0.02388914
   24.75475475    0.02395821
   24.79479479    0.02402219
   24.83483483    0.02408001
   24.87487487    0.02413064
   24.91491491    0.02417313
   24.95495495    0.02420662
   24.99499499    0.02423035
   25.03503504    0.02424368
   25.07507508    0.02424609
   25.11511512    0.02423722
   25.15515516    0.02421685
   25.19519520    0.02418492
   25.23523524    0.02414152
   25.27527528    0.02408689
   25.31531532    0.02402144
   25.35535536    0.02394568
   25.39539540    0.02386028
   25.43543544    0.02376602
   25.47547548    0.02366377
   25.51551552    0.02355448
   25.55555556    0.02343920
   25.59559560    0.02331898
   25.63563564    0.02319494
   25.67567568    0.02306821
   25.71571572    0.02293991
   25.75575576    0.02281115
   25.79579580    0.02268301
   25.83583584    0.02255656
   25.87587588    0.02243280
   25.91591592    0.02231268
   25.95595596    0.02219709
   25.99599600    0.02208687
   26.03603604    0.02198278
   26.07607608    0.02188550
   26.11611612    0.02179566
   26.15615616    0.02171381
   26.19619620    0.02164043
   26.23623624    0.02157591
   26.27627628    0.02152058
   26.31631632    0.02147472
   26.35635636    0.02143851
   26.39639640    0.02141207
   26.43643644    0.02139545
   26.47647648    0.02138863
   26.51651652    0.02139153
   26.55655656    0.02140400
   26.59659660    0.02142581
   26.63663664    0.02145667
   26.67667668    0.02149622
   26.71671672    0.02154404
   26.75675676    0.02159963
   26.79679680    0.02166243
   26.83683684    0.02173181
   26.87687688    0.02180707
   26.91691692    0.02188746
   26.95695696    0.02197216
   26.99699700    0.02206030
   27.03703704    0.02215097
   27.07707708    0.02224321
   27.11711712    0.02233603
   27.15715716    0.02242841
   27.19719720    0.02251932
   27.23723724    0.02260774
   27.27727728    0.02269266
   27.31731732    0.02277311
   27.35735736    0.02284813
   27.39739740    0.02291687
   27.43743744    0.02297852
   27.47747748    0.02303237
   27.51751752    0.02307782
   27.55755756    0.02311438
   27.59759760    0.02314168
   27.63763764    0.02315950
   27.67767768    0.02316774
   27.71771772    0.02316646
   27.75775776    0.02315584
   27.79779780    0.02313621
   27.83783784    0.02310802
   27.87787788    0.02307186
   27.91791792    0.02302840
   27.95795796    0.02297844
   27.99799800    0.02292283
   28.03803804    0.02286251
   28.07807808    0.02279846
   28.11811812    0.02273172
   28.15815816    0.02266331
   28.19819820    0.02259430
   28.23823824    0.02252573
   28.27827828    0.02245863
   28.31831832    0.02239400
   28.35835836    0.02233282
   28.39839840    0.02227599
   28.43843844    0.02222439
   28.47847848    0.02217883
   28.51851852    0.02214007
   28.55855856    0.02210879
   28.59859860    0.02208563
   28.63863864    0.02207114
   28.67867868    0.02206581
   28.71871872    0.02207006
   28.75875876    0.02208426
   28.79879880    0.02210868
   28.83883884    0.02214355
   28.87887888    0.02218901
   28.91891892    0.02224514
   28.95895896    0.02231195
   28.99899900    0.02238937
   29.03903904    0.02247728
   29.07907908    0.02257545
   29.11911912    0.02268361
   29.15915916    0.02280138
   29.19919920    0.02292834
   29.23923924    0.02306396
   29.27927928    0.02320763
   29.31931932    0.02335867
   29.35935936    0.02351631
   29.39939940    0.02367970
   29.43943944    0.02384791
   29.47947948    0.02401993
   29.51951952    0.02419467
   29.55955956    0.02437099
   29.59959960    0.02454766
   29.63963964    0.02472343
   29.67967968    0.02489700
   29.71971972    0.02506702
   29.75975976    0.02523215
   29.79979980    0.02539107
   29.83983984    0.02554244
   29.87987988    0.02568501
   29.91991992    0.02581757
   29.95995996    0.02593899
   30.00000000    0.02604825
