# Final state angular momentum:   1
# Broadening parameter (in eV):    1.000
# Absorbing atom type (xiabs):   1
# Energy (eV)   sigma
  -10.00000000    0.01092943
   -9.95995996    0.01117112
   -9.91991992    0.01142037
   -9.87987988    0.01167747
   -9.83983984    0.01194271
   -9.79979980    0.01221645
   -9.75975976    0.01249906
   -9.71971972    0.01279098
   -9.67967968    0.01309263
   -9.63963964    0.01340448
   -9.59959960    0.01372701
   -9.55955956    0.01406069
   -9.51951952    0.01440600
   -9.47947948    0.01476337
   -9.43943944    0.01513322
   -9.39939940    0.01551591
   -9.35935936    0.01591176
   -9.31931932    0.01632100
   -9.27927928    0.01674379
   -9.23923924    0.01718019
   -9.19919920    0.01763018
   -9.15915916    0.01809358
   -9.11911912    0.01857011
   -9.07907908    0.01905931
   -9.03903904    0.01956057
   -8.99899900    0.02007307
   -8.95895896    0.02059576
   -8.91891892    0.02112736
   -8.87887888    0.02166633
   -8.83883884    0.02221083
   -8.79879880    0.02275876
   -8.75875876    0.02330771
   -8.71871872    0.02385505
   -8.67867868    0.02439791
   -8.63863864    0.02493326
   -8.59859860    0.02545802
   -8.55855856    0.02596912
   -8.51851852    0.02646363
   -8.47847848    0.02693890
   -8.43843844    0.02739270
   -8.39839840    0.02782330
   -8.35835836    0.02822964
   -8.31831832    0.02861137
   -8.27827828    0.02896894
   -8.23823824    0.02930361
   -8.19819820    0.02961743
   -8.15815816    0.02991320
   -8.11811812    0.03019438
   -8.07807808    0.03046497
   -8.03803804    0.03072940
   -7.99799800    0.03099241
   -7.95795796    0.03125888
   -7.91791792    0.03153375
   -7.87787788    0.03182187
   -7.83783784    0.03212794
   -7.79779780    0.03245641
   -7.75775776    0.03281145
   -7.71771772    0.03319686
   -7.67767768    0.03361609
   -7.63763764    0.03407217
   -7.59759760    0.03456776
   -7.55755756    0.03510506
   -7.51751752    0.03568589
   -7.47747748    0.03631161
   -7.43743744    0.03698314
   -7.39739740    0.03770094
   -7.35735736    0.03846499
   -7.31731732    0.03927479
   -7.27727728    0.04012928
   -7.23723724    0.04102687
   -7.19719720    0.04196540
   -7.15715716    0.04294210
   -7.11711712    0.04395359
   -7.07707708    0.04499585
   -7.03703704    0.04606423
   -6.99699700    0.04715350
   -6.95695696    0.04825780
   -6.91691692    0.04937075
   -6.87687688    0.05048549
   -6.83683684    0.05159477
   -6.79679680    0.05269106
   -6.75675676    0.05376667
   -6.71671672    0.05481394
   -6.67667668    0.05582537
   -6.63663664    0.05679387
   -6.59659660    0.05771295
   -6.55655656    0.05857693
   -6.51651652    0.05938119
   -6.47647648    0.06012233
   -6.43643644    0.06079835
   -6.39639640    0.06140874
   -6.35635636    0.06195450
   -6.31631632    0.06243816
   -6.27627628    0.06286358
   -6.23623624    0.06323583
   -6.19619620    0.06356088
   -6.15615616    0.06384528
   -6.11611612    0.06409586
   -6.07607608    0.06431933
   -6.03603604    0.06452194
   -5.99599600    0.06470918
   -5.95595596    0.06488548
   -5.91591592    0.06505402
   -5.87587588    0.06521660
   -5.83583584    0.06537353
   -5.79579580    0.06552369
   -5.75575576    0.06566460
   -5.71571572    0.06579259
   -5.67567568    0.06590304
   -5.63563564    0.06599071
   -5.59559560    0.06605001
   -5.55555556    0.06607544
   -5.51551552    0.06606194
   -5.47547548    0.06600523
   -5.43543544    0.06590213
   -5.39539540    0.06575081
   -5.35535536    0.06555095
   -5.31531532    0.06530383
   -5.27527528    0.06501224
   -5.23523524    0.06468045
   -5.19519520    0.06431393
   -5.15515516    0.06391916
   -5.11511512    0.06350327
   -5.07507508    0.06307378
   -5.03503504    0.06263826
   -4.99499499    0.06220406
   -4.95495495    0.06177807
   -4.91491491    0.06136649
   -4.87487487    0.06097473
   -4.83483483    0.06060726
   -4.79479479    0.06026762
   -4.75475475    0.05995834
   -4.71471471    0.05968102
   -4.67467467    0.05943631
   -4.63463463    0.05922403
   -4.59459459    0.05904319
   -4.55455455    0.05889206
   -4.51451451    0.05876826
   -4.47447447    0.05866877
   -4.43443443    0.05859003
   -4.39439439    0.05852802
   -4.35435435    0.05847829
   -4.31431431    0.05843608
   -4.27427427    0.05839644
   -4.23423423    0.05835438
   -4.19419419    0.05830499
   -4.15415415    0.05824365
   -4.11411411    0.05816621
   -4.07407407    0.05806915
   -4.03403403    0.05794976
   -3.99399399    0.05780625
   -3.95395395    0.05763784
   -3.91391391    0.05744475
   -3.87387387    0.05722818
   -3.83383383    0.05699019
   -3.79379379    0.05673354
   -3.75375375    0.05646150
   -3.71371371    0.05617760
   -3.67367367    0.05588541
   -3.63363363    0.05558831
   -3.59359359    0.05528924
   -3.55355355    0.05499058
   -3.51351351    0.05469398
   -3.47347347    0.05440029
   -3.43343343    0.05410955
   -3.39339339    0.05382100
   -3.35335335    0.05353314
   -3.31331331    0.05324389
   -3.27327327    0.05295070
   -3.23323323    0.05265074
   -3.19319319    0.05234107
   -3.15315315    0.05201880
   -3.11311311    0.05168126
   -3.07307307    0.05132610
   -3.03303303    0.05095138
   -2.99299299    0.05055558
   -2.95295295    0.05013767
   -2.91291291    0.04969699
   -2.87287287    0.04923325
   -2.83283283    0.04874645
   -2.79279279    0.04823678
   -2.75275275    0.04770460
   -2.71271271    0.04715036
   -2.67267267    0.04657463
   -2.63263263    0.04597806
   -2.59259259    0.04536148
   -2.55255255    0.04472589
   -2.51251251    0.04407254
   -2.47247247    0.04340299
   -2.43243243    0.04271916
   -2.39239239    0.04202332
   -2.35235235    0.04131812
   -2.31231231    0.04060655
   -2.27227227    0.03989187
   -2.23223223    0.03917759
   -2.19219219    0.03846732
   -2.15215215    0.03776473
   -2.11211211    0.03707343
   -2.07207207    0.03639694
   -2.03203203    0.03573853
   -1.99199199    0.03510126
   -1.95195195    0.03448788
   -1.91191191    0.03390082
   -1.87187187    0.03334219
   -1.83183183    0.03281375
   -1.79179179    0.03231695
   -1.75175175    0.03185295
   -1.71171171    0.03142260
   -1.67167167    0.03102651
   -1.63163163    0.03066505
   -1.59159159    0.03033837
   -1.55155155    0.03004647
   -1.51151151    0.02978915
   -1.47147147    0.02956610
   -1.43143143    0.02937687
   -1.39139139    0.02922094
   -1.35135135    0.02909768
   -1.31131131    0.02900643
   -1.27127127    0.02894647
   -1.23123123    0.02891707
   -1.19119119    0.02891754
   -1.15115115    0.02894718
   -1.11111111    0.02900537
   -1.07107107    0.02909158
   -1.03103103    0.02920539
   -0.99099099    0.02934648
   -0.95095095    0.02951472
   -0.91091091    0.02971008
   -0.87087087    0.02993274
   -0.83083083    0.03018296
   -0.79079079    0.03046116
   -0.75075075    0.03076784
   -0.71071071    0.03110354
   -0.67067067    0.03146879
   -0.63063063    0.03186408
   -0.59059059    0.03228975
   -0.55055055    0.03274598
   -0.51051051    0.03323268
   -0.47047047    0.03374942
   -0.43043043    0.03429540
   -0.39039039    0.03486935
   -0.35035035    0.03546949
   -0.31031031    0.03609348
   -0.27027027    0.03673838
   -0.23023023    0.03740062
   -0.19019019    0.03807600
   -0.15015015    0.03875970
   -0.11011011    0.03944634
   -0.07007007    0.04013001
   -0.03003003    0.04080437
    0.01001001    0.04146277
    0.05005005    0.04209839
    0.09009009    0.04270436
    0.13013013    0.04327396
    0.17017017    0.04380074
    0.21021021    0.04427867
    0.25025025    0.04470226
    0.29029029    0.04506668
    0.33033033    0.04536780
    0.37037037    0.04560227
    0.41041041    0.04576748
    0.45045045    0.04586166
    0.49049049    0.04588378
    0.53053053    0.04583362
    0.57057057    0.04571171
    0.61061061    0.04551937
    0.65065065    0.04525872
    0.69069069    0.04493264
    0.73073073    0.04454481
    0.77077077    0.04409962
    0.81081081    0.04360221
    0.85085085    0.04305828
    0.89089089    0.04247409
    0.93093093    0.04185627
    0.97097097    0.04121170
    1.01101101    0.04054733
    1.05105105    0.03987010
    1.09109109    0.03918670
    1.13113113    0.03850352
    1.17117117    0.03782654
    1.21121121    0.03716120
    1.25125125    0.03651242
    1.29129129    0.03588451
    1.33133133    0.03528119
    1.37137137    0.03470560
    1.41141141    0.03416030
    1.45145145    0.03364733
    1.49149149    0.03316825
    1.53153153    0.03272418
    1.57157157    0.03231582
    1.61161161    0.03194355
    1.65165165    0.03160746
    1.69169169    0.03130739
    1.73173173    0.03104297
    1.77177177    0.03081373
    1.81181181    0.03061905
    1.85185185    0.03045830
    1.89189189    0.03033085
    1.93193193    0.03023608
    1.97197197    0.03017348
    2.01201201    0.03014265
    2.05205205    0.03014335
    2.09209209    0.03017548
    2.13213213    0.03023915
    2.17217217    0.03033466
    2.21221221    0.03046248
    2.25225225    0.03062325
    2.29229229    0.03081778
    2.33233233    0.03104699
    2.37237237    0.03131189
    2.41241241    0.03161355
    2.45245245    0.03195304
    2.49249249    0.03233142
    2.53253253    0.03274968
    2.57257257    0.03320868
    2.61261261    0.03370915
    2.65265265    0.03425161
    2.69269269    0.03483634
    2.73273273    0.03546333
    2.77277277    0.03613222
    2.81281281    0.03684228
    2.85285285    0.03759234
    2.89289289    0.03838076
    2.93293293    0.03920537
    2.97297297    0.04006344
    3.01301301    0.04095169
    3.05305305    0.04186621
    3.09309309    0.04280255
    3.13313313    0.04375566
    3.17317317    0.04472001
    3.21321321    0.04568964
    3.25325325    0.04665822
    3.29329329    0.04761920
    3.33333333    0.04856591
    3.37337337    0.04949169
    3.41341341    0.05038998
    3.45345345    0.05125443
    3.49349349    0.05207899
    3.53353353    0.05285789
    3.57357357    0.05358567
    3.61361361    0.05425716
    3.65365365    0.05486737
    3.69369369    0.05541149
    3.73373373    0.05588479
    3.77377377    0.05628260
    3.81381381    0.05660030
    3.85385385    0.05683340
    3.89389389    0.05697766
    3.93393393    0.05702921
    3.97397397    0.05698483
    4.01401401    0.05684214
    4.05405405    0.05659982
    4.09409409    0.05625790
    4.13413413    0.05581783
    4.17417417    0.05528266
    4.21421421    0.05465701
    4.25425425    0.05394701
    4.29429429    0.05316015
    4.33433433    0.05230510
    4.37437437    0.05139137
    4.41441441    0.05042908
    4.45445445    0.04942861
    4.49449449    0.04840032
    4.53453453    0.04735428
    4.57457457    0.04630004
    4.61461461    0.04524648
    4.65465465    0.04420160
    4.69469469    0.04317252
    4.73473473    0.04216536
    4.77477477    0.04118526
    4.81481481    0.04023643
    4.85485485    0.03932210
    4.89489489    0.03844467
    4.93493493    0.03760573
    4.97497497    0.03680612
    5.01501502    0.03604605
    5.05505506    0.03532516
    5.09509510    0.03464258
    5.13513514    0.03399707
    5.17517518    0.03338704
    5.21521522    0.03281070
    5.25525526    0.03226607
    5.29529530    0.03175112
    5.33533534    0.03126383
    5.37537538    0.03080224
    5.41541542    0.03036450
    5.45545546    0.02994895
    5.49549550    0.02955414
    5.53553554    0.02917880
    5.57557558    0.02882187
    5.61561562    0.02848249
    5.65565566    0.02815990
    5.69569570    0.02785347
    5.73573574    0.02756257
    5.77577578    0.02728654
    5.81581582    0.02702464
    5.85585586    0.02677597
    5.89589590    0.02653944
    5.93593594    0.02631373
    5.97597598    0.02609729
    6.01601602    0.02588831
    6.05605606    0.02568477
    6.09609610    0.02548448
    6.13613614    0.02528512
    6.17617618    0.02508431
    6.21621622    0.02487973
    6.25625626    0.02466918
    6.29629630    0.02445069
    6.33633634    0.02422260
    6.37637638    0.02398363
    6.41641642    0.02373297
    6.45645646    0.02347028
    6.49649650    0.02319572
    6.53653654    0.02290995
    6.57657658    0.02261407
    6.61661662    0.02230957
    6.65665666    0.02199826
    6.69669670    0.02168219
    6.73673674    0.02136357
    6.77677678    0.02104467
    6.81681682    0.02072777
    6.85685686    0.02041508
    6.89689690    0.02010868
    6.93693694    0.01981048
    6.97697698    0.01952221
    7.01701702    0.01924537
    7.05705706    0.01898125
    7.09709710    0.01873088
    7.13713714    0.01849510
    7.17717718    0.01827451
    7.21721722    0.01806951
    7.25725726    0.01788027
    7.29729730    0.01770680
    7.33733734    0.01754891
    7.37737738    0.01740622
    7.41741742    0.01727820
    7.45745746    0.01716415
    7.49749750    0.01706323
    7.53753754    0.01697444
    7.57757758    0.01689667
    7.61761762    0.01682869
    7.65765766    0.01676919
    7.69769770    0.01671678
    7.73773774    0.01667005
    7.77777778    0.01662760
    7.81781782    0.01658806
    7.85785786    0.01655017
    7.89789790    0.01651277
    7.93793794    0.01647492
    7.97797798    0.01643585
    8.01801802    0.01639505
    8.05805806    0.01635226
    8.09809810    0.01630748
    8.13813814    0.01626098
    8.17817818    0.01621325
    8.21821822    0.01616499
    8.25825826    0.01611709
    8.29829830    0.01607052
    8.33833834    0.01602637
    8.37837838    0.01598572
    8.41841842    0.01594964
    8.45845846    0.01591915
    8.49849850    0.01589514
    8.53853854    0.01587836
    8.57857858    0.01586942
    8.61861862    0.01586872
    8.65865866    0.01587645
    8.69869870    0.01589262
    8.73873874    0.01591698
    8.77877878    0.01594909
    8.81881882    0.01598829
    8.85885886    0.01603371
    8.89889890    0.01608432
    8.93893894    0.01613894
    8.97897898    0.01619624
    9.01901902    0.01625485
    9.05905906    0.01631337
    9.09909910    0.01637042
    9.13913914    0.01642470
    9.17917918    0.01647507
    9.21921922    0.01652059
    9.25925926    0.01656057
    9.29929930    0.01659460
    9.33933934    0.01662258
    9.37937938    0.01664472
    9.41941942    0.01666158
    9.45945946    0.01667397
    9.49949950    0.01668296
    9.53953954    0.01668984
    9.57957958    0.01669603
    9.61961962    0.01670304
    9.65965966    0.01671240
    9.69969970    0.01672561
    9.73973974    0.01674408
    9.77977978    0.01676909
    9.81981982    0.01680173
    9.85985986    0.01684286
    9.89989990    0.01689312
    9.93993994    0.01695287
    9.97997998    0.01702220
   10.02002002    0.01710088
   10.06006006    0.01718841
   10.10010010    0.01728398
   10.14014014    0.01738650
   10.18018018    0.01749460
   10.22022022    0.01760666
   10.26026026    0.01772086
   10.30030030    0.01783523
   10.34034034    0.01794765
   10.38038038    0.01805600
   10.42042042    0.01815818
   10.46046046    0.01825219
   10.50050050    0.01833626
   10.54054054    0.01840888
   10.58058058    0.01846888
   10.62062062    0.01851551
   10.66066066    0.01854844
   10.70070070    0.01856783
   10.74074074    0.01857427
   10.78078078    0.01856878
   10.82082082    0.01855273
   10.86086086    0.01852785
   10.90090090    0.01849603
   10.94094094    0.01845937
   10.98098098    0.01841998
   11.02102102    0.01837997
   11.06106106    0.01834135
   11.10110110    0.01830596
   11.14114114    0.01827544
   11.18118118    0.01825115
   11.22122122    0.01823416
   11.26126126    0.01822525
   11.30130130    0.01822486
   11.34134134    0.01823312
   11.38138138    0.01824986
   11.42142142    0.01827458
   11.46146146    0.01830657
   11.50150150    0.01834487
   11.54154154    0.01838835
   11.58158158    0.01843573
   11.62162162    0.01848571
   11.66166166    0.01853697
   11.70170170    0.01858827
   11.74174174    0.01863850
   11.78178178    0.01868678
   11.82182182    0.01873247
   11.86186186    0.01877525
   11.90190190    0.01881514
   11.94194194    0.01885249
   11.98198198    0.01888800
   12.02202202    0.01892269
   12.06206206    0.01895786
   12.10210210    0.01899503
   12.14214214    0.01903590
   12.18218218    0.01908230
   12.22222222    0.01913608
   12.26226226    0.01919911
   12.30230230    0.01927318
   12.34234234    0.01935998
   12.38238238    0.01946104
   12.42242242    0.01957773
   12.46246246    0.01971118
   12.50250250    0.01986228
   12.54254254    0.02003167
   12.58258258    0.02021971
   12.62262262    0.02042645
   12.66266266    0.02065163
   12.70270270    0.02089465
   12.74274274    0.02115458
   12.78278278    0.02143009
   12.82282282    0.02171951
   12.86286286    0.02202079
   12.90290290    0.02233149
   12.94294294    0.02264885
   12.98298298    0.02296975
   13.02302302    0.02329081
   13.06306306    0.02360843
   13.10310310    0.02391891
   13.14314314    0.02421849
   13.18318318    0.02450352
   13.22322322    0.02477058
   13.26326326    0.02501661
   13.30330330    0.02523903
   13.34334334    0.02543589
   13.38338338    0.02560593
   13.42342342    0.02574866
   13.46346346    0.02586442
   13.50350350    0.02595431
   13.54354354    0.02602021
   13.58358358    0.02606464
   13.62362362    0.02609071
   13.66366366    0.02610191
   13.70370370    0.02610205
   13.74374374    0.02609502
   13.78378378    0.02608476
   13.82382382    0.02607501
   13.86386386    0.02606928
   13.90390390    0.02607069
   13.94394394    0.02608196
   13.98398398    0.02610526
   14.02402402    0.02614222
   14.06406406    0.02619390
   14.10410410    0.02626074
   14.14414414    0.02634258
   14.18418418    0.02643865
   14.22422422    0.02654763
   14.26426426    0.02666762
   14.30430430    0.02679626
   14.34434434    0.02693074
   14.38438438    0.02706792
   14.42442442    0.02720443
   14.46446446    0.02733676
   14.50450450    0.02746143
   14.54454454    0.02757509
   14.58458458    0.02767470
   14.62462462    0.02775768
   14.66466466    0.02782197
   14.70470470    0.02786620
   14.74474474    0.02788974
   14.78478478    0.02789272
   14.82482482    0.02787605
   14.86486486    0.02784136
   14.90490490    0.02779095
   14.94494494    0.02772766
   14.98498498    0.02765473
   15.02502503    0.02757571
   15.06506507    0.02749428
   15.10510511    0.02741414
   15.14514515    0.02733882
   15.18518519    0.02727167
   15.22522523    0.02721566
   15.26526527    0.02717337
   15.30530531    0.02714690
   15.34534535    0.02713780
   15.38538539    0.02714710
   15.42542543    0.02717523
   15.46546547    0.02722202
   15.50550551    0.02728672
   15.54554555    0.02736799
   15.58558559    0.02746393
   15.62562563    0.02757213
   15.66566567    0.02768967
   15.70570571    0.02781325
   15.74574575    0.02793923
   15.78578579    0.02806374
   15.82582583    0.02818285
   15.86586587    0.02829262
   15.90590591    0.02838932
   15.94594595    0.02846955
   15.98598599    0.02853040
   16.02602603    0.02856956
   16.06606607    0.02858546
   16.10610611    0.02857731
   16.14614615    0.02854519
   16.18618619    0.02848996
   16.22622623    0.02841333
   16.26626627    0.02831768
   16.30630631    0.02820601
   16.34634635    0.02808177
   16.38638639    0.02794875
   16.42642643    0.02781090
   16.46646647    0.02767220
   16.50650651    0.02753652
   16.54654655    0.02740750
   16.58658659    0.02728848
   16.62662663    0.02718237
   16.66666667    0.02709163
   16.70670671    0.02701818
   16.74674675    0.02696343
   16.78678679    0.02692820
   16.82682683    0.02691271
   16.86686687    0.02691663
   16.90690691    0.02693903
   16.94694695    0.02697843
   16.98698699    0.02703279
   17.02702703    0.02709959
   17.06706707    0.02717583
   17.10710711    0.02725814
   17.14714715    0.02734285
   17.18718719    0.02742607
   17.22722723    0.02750383
   17.26726727    0.02757222
   17.30730731    0.02762752
   17.34734735    0.02766634
   17.38738739    0.02768577
   17.42742743    0.02768351
   17.46746747    0.02765798
   17.50750751    0.02760839
   17.54754755    0.02753475
   17.58758759    0.02743791
   17.62762763    0.02731952
   17.66766767    0.02718189
   17.70770771    0.02702796
   17.74774775    0.02686115
   17.78778779    0.02668519
   17.82782783    0.02650402
   17.86786787    0.02632165
   17.90790791    0.02614203
   17.94794795    0.02596894
   17.98798799    0.02580590
   18.02802803    0.02565612
   18.06806807    0.02552245
   18.10810811    0.02540730
   18.14814815    0.02531265
   18.18818819    0.02524004
   18.22822823    0.02519055
   18.26826827    0.02516477
   18.30830831    0.02516284
   18.34834835    0.02518441
   18.38838839    0.02522869
   18.42842843    0.02529438
   18.46846847    0.02537975
   18.50850851    0.02548258
   18.54854855    0.02560025
   18.58858859    0.02572968
   18.62862863    0.02586746
   18.66866867    0.02600983
   18.70870871    0.02615282
   18.74874875    0.02629227
   18.78878879    0.02642403
   18.82882883    0.02654400
   18.86886887    0.02664832
   18.90890891    0.02673350
   18.94894895    0.02679656
   18.98898899    0.02683515
   19.02902903    0.02684765
   19.06906907    0.02683325
   19.10910911    0.02679198
   19.14914915    0.02672470
   19.18918919    0.02663306
   19.22922923    0.02651940
   19.26926927    0.02638668
   19.30930931    0.02623831
   19.34934935    0.02607799
   19.38938939    0.02590963
   19.42942943    0.02573713
   19.46946947    0.02556431
   19.50950951    0.02539476
   19.54954955    0.02523175
   19.58958959    0.02507818
   19.62962963    0.02493647
   19.66966967    0.02480857
   19.70970971    0.02469591
   19.74974975    0.02459938
   19.78978979    0.02451934
   19.82982983    0.02445560
   19.86986987    0.02440748
   19.90990991    0.02437378
   19.94994995    0.02435283
   19.98998999    0.02434256
   20.03003003    0.02434053
   20.07007007    0.02434400
   20.11011011    0.02435001
   20.15015015    0.02435549
   20.19019019    0.02435737
   20.23023023    0.02435266
   20.27027027    0.02433861
   20.31031031    0.02431283
   20.35035035    0.02427334
   20.39039039    0.02421873
   20.43043043    0.02414818
   20.47047047    0.02406152
   20.51051051    0.02395922
   20.55055055    0.02384238
   20.59059059    0.02371267
   20.63063063    0.02357225
   20.67067067    0.02342369
   20.71071071    0.02326984
   20.75075075    0.02311373
   20.79079079    0.02295847
   20.83083083    0.02280714
   20.87087087    0.02266271
   20.91091091    0.02252796
   20.95095095    0.02240544
   20.99099099    0.02229741
   21.03103103    0.02220579
   21.07107107    0.02213216
   21.11111111    0.02207776
   21.15115115    0.02204343
   21.19119119    0.02202963
   21.23123123    0.02203646
   21.27127127    0.02206360
   21.31131131    0.02211034
   21.35135135    0.02217560
   21.39139139    0.02225785
   21.43143143    0.02235521
   21.47147147    0.02246537
   21.51151151    0.02258568
   21.55155155    0.02271312
   21.59159159    0.02284437
   21.63163163    0.02297588
   21.67167167    0.02310388
   21.71171171    0.02322457
   21.75175175    0.02333415
   21.79179179    0.02342895
   21.83183183    0.02350559
   21.87187187    0.02356111
   21.91191191    0.02359303
   21.95195195    0.02359952
   21.99199199    0.02357946
   22.03203203    0.02353249
   22.07207207    0.02345899
   22.11211211    0.02336013
   22.15215215    0.02323776
   22.19219219    0.02309431
   22.23223223    0.02293276
   22.27227227    0.02275642
   22.31231231    0.02256889
   22.35235235    0.02237386
   22.39239239    0.02217504
   22.43243243    0.02197606
   22.47247247    0.02178034
   22.51251251    0.02159105
   22.55255255    0.02141107
   22.59259259    0.02124294
   22.63263263    0.02108881
   22.67267267    0.02095049
   22.71271271    0.02082938
   22.75275275    0.02072652
   22.79279279    0.02064256
   22.83283283    0.02057782
   22.87287287    0.02053220
   22.91291291    0.02050531
   22.95295295    0.02049636
   22.99299299    0.02050426
   23.03303303    0.02052758
   23.07307307    0.02056458
   23.11311311    0.02061323
   23.15315315    0.02067125
   23.19319319    0.02073613
   23.23323323    0.02080520
   23.27327327    0.02087568
   23.31331331    0.02094476
   23.35335335    0.02100968
   23.39339339    0.02106786
   23.43343343    0.02111693
   23.47347347    0.02115488
   23.51351351    0.02118012
   23.55355355    0.02119155
   23.59359359    0.02118862
   23.63363363    0.02117135
   23.67367367    0.02114033
   23.71371371    0.02109669
   23.75375375    0.02104204
   23.79379379    0.02097842
   23.83383383    0.02090818
   23.87387387    0.02083392
   23.91391391    0.02075835
   23.95395395    0.02068425
   23.99399399    0.02061432
   24.03403403    0.02055115
   24.07407407    0.02049715
   24.11411411    0.02045447
   24.15415415    0.02042498
   24.19419419    0.02041022
   24.23423423    0.02041142
   24.27427427    0.02042941
   24.31431431    0.02046467
   24.35435435    0.02051730
   24.39439439    0.02058698
   24.43443443    0.02067301
   24.47447447    0.02077428
   24.51451451    0.02088927
   24.55455455    0.02101608
   24.59459459    0.02115239
   24.63463463    0.02129553
   24.67467467    0.02144250
   24.71471471    0.02159000
   24.75475475    0.02173451
   24.79479479    0.02187239
   24.83483483    0.02199994
   24.87487487    0.02211352
   24.91491491    0.02220973
   24.95495495    0.02228544
   24.99499499    0.02233800
   25.03503504    0.02236531
   25.07507508    0.02236591
   25.11511512    0.02233907
   25.15515516    0.02228482
   25.19519520    0.02220392
   25.23523524    0.02209784
   25.27527528    0.02196871
   25.31531532    0.02181920
   25.35535536    0.02165242
   25.39539540    0.02147180
   25.43543544    0.02128095
   25.47547548    0.02108356
   25.51551552    0.02088329
   25.55555556    0.02068368
   25.59559560    0.02048807
   25.63563564    0.02029954
   25.67567568    0.02012090
   25.71571572    0.01995461
   25.75575576    0.01980285
   25.79579580    0.01966743
   25.83583584    0.01954985
   25.87587588    0.01945129
   25.91591592    0.01937262
   25.95595596    0.01931441
   25.99599600    0.01927693
   26.03603604    0.01926018
   26.07607608    0.01926386
   26.11611612    0.01928738
   26.15615616    0.01932989
   26.19619620    0.01939022
   26.23623624    0.01946691
   26.27627628    0.01955823
   26.31631632    0.01966212
   26.35635636    0.01977625
   26.39639640    0.01989802
   26.43643644    0.02002457
   26.47647648    0.02015286
   26.51651652    0.02027969
   26.55655656    0.02040178
   26.59659660    0.02051587
   26.63663664    0.02061880
   26.67667668    0.02070761
   26.71671672    0.02077968
   26.75675676    0.02083280
   26.79679680    0.02086528
   26.83683684    0.02087601
   26.87687688    0.02086454
   26.91691692    0.02083105
   26.95695696    0.02077639
   26.99699700    0.02070200
   27.03703704    0.02060989
   27.07707708    0.02050249
   27.11711712    0.02038262
   27.15715716    0.02025331
   27.19719720    0.02011775
   27.23723724    0.01997917
   27.27727728    0.01984074
   27.31731732    0.01970548
   27.35735736    0.01957625
   27.39739740    0.01945564
   27.43743744    0.01934599
   27.47747748    0.01924931
   27.51751752    0.01916733
   27.55755756    0.01910144
   27.59759760    0.01905273
   27.63763764    0.01902198
   27.67767768    0.01900965
   27.71771772    0.01901588
   27.75775776    0.01904052
   27.79779780    0.01908312
   27.83783784    0.01914291
   27.87787788    0.01921883
   27.91791792    0.01930950
   27.95795796    0.01941328
   27.99799800    0.01952820
   28.03803804    0.01965207
   28.07807808    0.01978243
   28.11811812    0.01991663
   28.15815816    0.02005187
   28.19819820    0.02018529
   28.23823824    0.02031401
   28.27827828    0.02043524
   28.31831832    0.02054639
   28.35835836    0.02064513
   28.39839840    0.02072955
   28.43843844    0.02079818
   28.47847848    0.02085008
   28.51851852    0.02088492
   28.55855856    0.02090294
   28.59859860    0.02090500
   28.63863864    0.02089250
   28.67867868    0.02086734
   28.71871872    0.02083183
   28.75875876    0.02078860
   28.79879880    0.02074052
   28.83883884    0.02069055
   28.87887888    0.02064168
   28.91891892    0.02059686
   28.95895896    0.02055885
   28.99899900    0.02053023
   29.03903904    0.02051333
   29.07907908    0.02051017
   29.11911912    0.02052244
   29.15915916    0.02055149
   29.19919920    0.02059829
   29.23923924    0.02066345
   29.27927928    0.02074719
   29.31931932    0.02084932
   29.35935936    0.02096924
   29.39939940    0.02110598
   29.43943944    0.02125809
   29.47947948    0.02142377
   29.51951952    0.02160075
   29.55955956    0.02178639
   29.59959960    0.02197768
   29.63963964    0.02217127
   29.67967968    0.02236351
   29.71971972    0.02255057
   29.75975976    0.02272849
   29.79979980    0.02289333
   29.83983984    0.02304124
   29.87987988    0.02316865
   29.91991992    0.02327237
   29.95995996    0.02334974
   30.00000000    0.02339875
