# Final state angular momentum:   1
# Broadening parameter (in eV):    1.500
# Absorbing atom type (xiabs):   1
# Energy (eV)   sigma
  -10.00000000    0.02375795
   -9.95995996    0.02370390
   -9.91991992    0.02365514
   -9.87987988    0.02361179
   -9.83983984    0.02357391
   -9.79979980    0.02354152
   -9.75975976    0.02351459
   -9.71971972    0.02349304
   -9.67967968    0.02347676
   -9.63963964    0.02346562
   -9.59959960    0.02345943
   -9.55955956    0.02345800
   -9.51951952    0.02346111
   -9.47947948    0.02346852
   -9.43943944    0.02347999
   -9.39939940    0.02349525
   -9.35935936    0.02351405
   -9.31931932    0.02353612
   -9.27927928    0.02356121
   -9.23923924    0.02358910
   -9.19919920    0.02361956
   -9.15915916    0.02365241
   -9.11911912    0.02368749
   -9.07907908    0.02372469
   -9.03903904    0.02376394
   -8.99899900    0.02380522
   -8.95895896    0.02384856
   -8.91891892    0.02389407
   -8.87887888    0.02394188
   -8.83883884    0.02399222
   -8.79879880    0.02404533
   -8.75875876    0.02410154
   -8.71871872    0.02416123
   -8.67867868    0.02422479
   -8.63863864    0.02429269
   -8.59859860    0.02436539
   -8.55855856    0.02444341
   -8.51851852    0.02452724
   -8.47847848    0.02461739
   -8.43843844    0.02471438
   -8.39839840    0.02481869
   -8.35835836    0.02493077
   -8.31831832    0.02505106
   -8.27827828    0.02517992
   -8.23823824    0.02531768
   -8.19819820    0.02546461
   -8.15815816    0.02562091
   -8.11811812    0.02578671
   -8.07807808    0.02596204
   -8.03803804    0.02614689
   -7.99799800    0.02634112
   -7.95795796    0.02654453
   -7.91791792    0.02675681
   -7.87787788    0.02697757
   -7.83783784    0.02720633
   -7.79779780    0.02744248
   -7.75775776    0.02768537
   -7.71771772    0.02793421
   -7.67767768    0.02818814
   -7.63763764    0.02844624
   -7.59759760    0.02870746
   -7.55755756    0.02897072
   -7.51751752    0.02923486
   -7.47747748    0.02949865
   -7.43743744    0.02976083
   -7.39739740    0.03002009
   -7.35735736    0.03027512
   -7.31731732    0.03052457
   -7.27727728    0.03076711
   -7.23723724    0.03100145
   -7.19719720    0.03122631
   -7.15715716    0.03144048
   -7.11711712    0.03164282
   -7.07707708    0.03183230
   -7.03703704    0.03200797
   -6.99699700    0.03216904
   -6.95695696    0.03231482
   -6.91691692    0.03244480
   -6.87687688    0.03255863
   -6.83683684    0.03265612
   -6.79679680    0.03273726
   -6.75675676    0.03280221
   -6.71671672    0.03285129
   -6.67667668    0.03288500
   -6.63663664    0.03290397
   -6.59659660    0.03290897
   -6.55655656    0.03290088
   -6.51651652    0.03288068
   -6.47647648    0.03284941
   -6.43643644    0.03280817
   -6.39639640    0.03275807
   -6.35635636    0.03270022
   -6.31631632    0.03263570
   -6.27627628    0.03256554
   -6.23623624    0.03249070
   -6.19619620    0.03241203
   -6.15615616    0.03233029
   -6.11611612    0.03224611
   -6.07607608    0.03216000
   -6.03603604    0.03207230
   -5.99599600    0.03198322
   -5.95595596    0.03189284
   -5.91591592    0.03180108
   -5.87587588    0.03170772
   -5.83583584    0.03161243
   -5.79579580    0.03151475
   -5.75575576    0.03141412
   -5.71571572    0.03130991
   -5.67567568    0.03120141
   -5.63563564    0.03108788
   -5.59559560    0.03096856
   -5.55555556    0.03084267
   -5.51551552    0.03070949
   -5.47547548    0.03056831
   -5.43543544    0.03041851
   -5.39539540    0.03025956
   -5.35535536    0.03009099
   -5.31531532    0.02991250
   -5.27527528    0.02972388
   -5.23523524    0.02952504
   -5.19519520    0.02931605
   -5.15515516    0.02909708
   -5.11511512    0.02886846
   -5.07507508    0.02863060
   -5.03503504    0.02838404
   -4.99499499    0.02812940
   -4.95495495    0.02786737
   -4.91491491    0.02759873
   -4.87487487    0.02732427
   -4.83483483    0.02704481
   -4.79479479    0.02676121
   -4.75475475    0.02647430
   -4.71471471    0.02618489
   -4.67467467    0.02589378
   -4.63463463    0.02560171
   -4.59459459    0.02530938
   -4.55455455    0.02501745
   -4.51451451    0.02472652
   -4.47447447    0.02443712
   -4.43443443    0.02414973
   -4.39439439    0.02386479
   -4.35435435    0.02358267
   -4.31431431    0.02330370
   -4.27427427    0.02302818
   -4.23423423    0.02275636
   -4.19419419    0.02248847
   -4.15415415    0.02222471
   -4.11411411    0.02196526
   -4.07407407    0.02171028
   -4.03403403    0.02145994
   -3.99399399    0.02121438
   -3.95395395    0.02097375
   -3.91391391    0.02073818
   -3.87387387    0.02050780
   -3.83383383    0.02028274
   -3.79379379    0.02006313
   -3.75375375    0.01984907
   -3.71371371    0.01964068
   -3.67367367    0.01943804
   -3.63363363    0.01924122
   -3.59359359    0.01905029
   -3.55355355    0.01886528
   -3.51351351    0.01868621
   -3.47347347    0.01851306
   -3.43343343    0.01834578
   -3.39339339    0.01818433
   -3.35335335    0.01802859
   -3.31331331    0.01787844
   -3.27327327    0.01773374
   -3.23323323    0.01759429
   -3.19319319    0.01745990
   -3.15315315    0.01733034
   -3.11311311    0.01720536
   -3.07307307    0.01708469
   -3.03303303    0.01696807
   -2.99299299    0.01685520
   -2.95295295    0.01674581
   -2.91291291    0.01663961
   -2.87287287    0.01653633
   -2.83283283    0.01643570
   -2.79279279    0.01633748
   -2.75275275    0.01624145
   -2.71271271    0.01614739
   -2.67267267    0.01605515
   -2.63263263    0.01596459
   -2.59259259    0.01587559
   -2.55255255    0.01578809
   -2.51251251    0.01570203
   -2.47247247    0.01561743
   -2.43243243    0.01553429
   -2.39239239    0.01545266
   -2.35235235    0.01537263
   -2.31231231    0.01529429
   -2.27227227    0.01521774
   -2.23223223    0.01514311
   -2.19219219    0.01507053
   -2.15215215    0.01500013
   -2.11211211    0.01493205
   -2.07207207    0.01486640
   -2.03203203    0.01480330
   -1.99199199    0.01474284
   -1.95195195    0.01468511
   -1.91191191    0.01463018
   -1.87187187    0.01457808
   -1.83183183    0.01452883
   -1.79179179    0.01448244
   -1.75175175    0.01443888
   -1.71171171    0.01439809
   -1.67167167    0.01436003
   -1.63163163    0.01432459
   -1.59159159    0.01429168
   -1.55155155    0.01426120
   -1.51151151    0.01423302
   -1.47147147    0.01420700
   -1.43143143    0.01418303
   -1.39139139    0.01416099
   -1.35135135    0.01414074
   -1.31131131    0.01412219
   -1.27127127    0.01410523
   -1.23123123    0.01408981
   -1.19119119    0.01407586
   -1.15115115    0.01406335
   -1.11111111    0.01405228
   -1.07107107    0.01404267
   -1.03103103    0.01403457
   -0.99099099    0.01402805
   -0.95095095    0.01402322
   -0.91091091    0.01402021
   -0.87087087    0.01401915
   -0.83083083    0.01402023
   -0.79079079    0.01402362
   -0.75075075    0.01402953
   -0.71071071    0.01403815
   -0.67067067    0.01404971
   -0.63063063    0.01406443
   -0.59059059    0.01408251
   -0.55055055    0.01410417
   -0.51051051    0.01412962
   -0.47047047    0.01415905
   -0.43043043    0.01419264
   -0.39039039    0.01423057
   -0.35035035    0.01427297
   -0.31031031    0.01431999
   -0.27027027    0.01437174
   -0.23023023    0.01442832
   -0.19019019    0.01448978
   -0.15015015    0.01455619
   -0.11011011    0.01462758
   -0.07007007    0.01470394
   -0.03003003    0.01478528
    0.01001001    0.01487156
    0.05005005    0.01496273
    0.09009009    0.01505873
    0.13013013    0.01515946
    0.17017017    0.01526485
    0.21021021    0.01537477
    0.25025025    0.01548911
    0.29029029    0.01560775
    0.33033033    0.01573055
    0.37037037    0.01585738
    0.41041041    0.01598810
    0.45045045    0.01612257
    0.49049049    0.01626064
    0.53053053    0.01640218
    0.57057057    0.01654705
    0.61061061    0.01669509
    0.65065065    0.01684616
    0.69069069    0.01700012
    0.73073073    0.01715680
    0.77077077    0.01731602
    0.81081081    0.01747761
    0.85085085    0.01764136
    0.89089089    0.01780703
    0.93093093    0.01797438
    0.97097097    0.01814311
    1.01101101    0.01831289
    1.05105105    0.01848336
    1.09109109    0.01865412
    1.13113113    0.01882470
    1.17117117    0.01899462
    1.21121121    0.01916334
    1.25125125    0.01933028
    1.29129129    0.01949482
    1.33133133    0.01965632
    1.37137137    0.01981411
    1.41141141    0.01996752
    1.45145145    0.02011586
    1.49149149    0.02025844
    1.53153153    0.02039462
    1.57157157    0.02052378
    1.61161161    0.02064533
    1.65165165    0.02075876
    1.69169169    0.02086364
    1.73173173    0.02095959
    1.77177177    0.02104635
    1.81181181    0.02112377
    1.85185185    0.02119177
    1.89189189    0.02125042
    1.93193193    0.02129987
    1.97197197    0.02134040
    2.01201201    0.02137238
    2.05205205    0.02139628
    2.09209209    0.02141266
    2.13213213    0.02142217
    2.17217217    0.02142549
    2.21221221    0.02142339
    2.25225225    0.02141663
    2.29229229    0.02140604
    2.33233233    0.02139243
    2.37237237    0.02137660
    2.41241241    0.02135935
    2.45245245    0.02134142
    2.49249249    0.02132353
    2.53253253    0.02130634
    2.57257257    0.02129045
    2.61261261    0.02127640
    2.65265265    0.02126464
    2.69269269    0.02125556
    2.73273273    0.02124947
    2.77277277    0.02124659
    2.81281281    0.02124709
    2.85285285    0.02125103
    2.89289289    0.02125843
    2.93293293    0.02126922
    2.97297297    0.02128328
    3.01301301    0.02130042
    3.05305305    0.02132044
    3.09309309    0.02134306
    3.13313313    0.02136799
    3.17317317    0.02139492
    3.21321321    0.02142353
    3.25325325    0.02145351
    3.29329329    0.02148455
    3.33333333    0.02151636
    3.37337337    0.02154870
    3.41341341    0.02158136
    3.45345345    0.02161417
    3.49349349    0.02164703
    3.53353353    0.02167989
    3.57357357    0.02171275
    3.61361361    0.02174571
    3.65365365    0.02177889
    3.69369369    0.02181249
    3.73373373    0.02184677
    3.77377377    0.02188204
    3.81381381    0.02191864
    3.85385385    0.02195697
    3.89389389    0.02199743
    3.93393393    0.02204045
    3.97397397    0.02208648
    4.01401401    0.02213595
    4.05405405    0.02218929
    4.09409409    0.02224689
    4.13413413    0.02230914
    4.17417417    0.02237638
    4.21421421    0.02244888
    4.25425425    0.02252689
    4.29429429    0.02261059
    4.33433433    0.02270009
    4.37437437    0.02279545
    4.41441441    0.02289662
    4.45445445    0.02300353
    4.49449449    0.02311599
    4.53453453    0.02323376
    4.57457457    0.02335652
    4.61461461    0.02348388
    4.65465465    0.02361537
    4.69469469    0.02375049
    4.73473473    0.02388864
    4.77477477    0.02402920
    4.81481481    0.02417150
    4.85485485    0.02431485
    4.89489489    0.02445852
    4.93493493    0.02460179
    4.97497497    0.02474394
    5.01501502    0.02488426
    5.05505506    0.02502209
    5.09509510    0.02515680
    5.13513514    0.02528784
    5.17517518    0.02541470
    5.21521522    0.02553698
    5.25525526    0.02565436
    5.29529530    0.02576662
    5.33533534    0.02587363
    5.37537538    0.02597539
    5.41541542    0.02607199
    5.45545546    0.02616361
    5.49549550    0.02625054
    5.53553554    0.02633314
    5.57557558    0.02641187
    5.61561562    0.02648724
    5.65565566    0.02655979
    5.69569570    0.02663011
    5.73573574    0.02669883
    5.77577578    0.02676654
    5.81581582    0.02683385
    5.85585586    0.02690132
    5.89589590    0.02696947
    5.93593594    0.02703878
    5.97597598    0.02710965
    6.01601602    0.02718241
    6.05605606    0.02725730
    6.09609610    0.02733447
    6.13613614    0.02741397
    6.17617618    0.02749577
    6.21621622    0.02757974
    6.25625626    0.02766563
    6.29629630    0.02775314
    6.33633634    0.02784187
    6.37637638    0.02793134
    6.41641642    0.02802102
    6.45645646    0.02811032
    6.49649650    0.02819863
    6.53653654    0.02828529
    6.57657658    0.02836968
    6.61661662    0.02845115
    6.65665666    0.02852911
    6.69669670    0.02860300
    6.73673674    0.02867234
    6.77677678    0.02873671
    6.81681682    0.02879580
    6.85685686    0.02884941
    6.89689690    0.02889742
    6.93693694    0.02893988
    6.97697698    0.02897693
    7.01701702    0.02900884
    7.05705706    0.02903601
    7.09709710    0.02905895
    7.13713714    0.02907829
    7.17717718    0.02909476
    7.21721722    0.02910916
    7.25725726    0.02912237
    7.29729730    0.02913536
    7.33733734    0.02914910
    7.37737738    0.02916462
    7.41741742    0.02918295
    7.45745746    0.02920513
    7.49749750    0.02923219
    7.53753754    0.02926511
    7.57757758    0.02930486
    7.61761762    0.02935236
    7.65765766    0.02940846
    7.69769770    0.02947395
    7.73773774    0.02954956
    7.77777778    0.02963592
    7.81781782    0.02973361
    7.85785786    0.02984309
    7.89789790    0.02996475
    7.93793794    0.03009888
    7.97797798    0.03024569
    8.01801802    0.03040526
    8.05805806    0.03057760
    8.09809810    0.03076261
    8.13813814    0.03096006
    8.17817818    0.03116966
    8.21821822    0.03139098
    8.25825826    0.03162349
    8.29829830    0.03186657
    8.33833834    0.03211949
    8.37837838    0.03238140
    8.41841842    0.03265138
    8.45845846    0.03292840
    8.49849850    0.03321134
    8.53853854    0.03349903
    8.57857858    0.03379019
    8.61861862    0.03408353
    8.65865866    0.03437769
    8.69869870    0.03467130
    8.73873874    0.03496298
    8.77877878    0.03525138
    8.81881882    0.03553515
    8.85885886    0.03581303
    8.89889890    0.03608384
    8.93893894    0.03634648
    8.97897898    0.03659999
    9.01901902    0.03684355
    9.05905906    0.03707647
    9.09909910    0.03729827
    9.13913914    0.03750862
    9.17917918    0.03770739
    9.21921922    0.03789461
    9.25925926    0.03807052
    9.29929930    0.03823551
    9.33933934    0.03839014
    9.37937938    0.03853511
    9.41941942    0.03867125
    9.45945946    0.03879946
    9.49949950    0.03892075
    9.53953954    0.03903616
    9.57957958    0.03914676
    9.61961962    0.03925360
    9.65965966    0.03935771
    9.69969970    0.03946006
    9.73973974    0.03956154
    9.77977978    0.03966295
    9.81981982    0.03976495
    9.85985986    0.03986810
    9.89989990    0.03997280
    9.93993994    0.04007929
    9.97997998    0.04018769
   10.02002002    0.04029794
   10.06006006    0.04040984
   10.10010010    0.04052305
   10.14014014    0.04063710
   10.18018018    0.04075139
   10.22022022    0.04086525
   10.26026026    0.04097790
   10.30030030    0.04108853
   10.34034034    0.04119627
   10.38038038    0.04130027
   10.42042042    0.04139969
   10.46046046    0.04149373
   10.50050050    0.04158167
   10.54054054    0.04166290
   10.58058058    0.04173689
   10.62062062    0.04180330
   10.66066066    0.04186190
   10.70070070    0.04191265
   10.74074074    0.04195566
   10.78078078    0.04199125
   10.82082082    0.04201987
   10.86086086    0.04204216
   10.90090090    0.04205891
   10.94094094    0.04207103
   10.98098098    0.04207958
   11.02102102    0.04208568
   11.06106106    0.04209056
   11.10110110    0.04209546
   11.14114114    0.04210168
   11.18118118    0.04211048
   11.22122122    0.04212314
   11.26126126    0.04214084
   11.30130130    0.04216471
   11.34134134    0.04219578
   11.38138138    0.04223497
   11.42142142    0.04228307
   11.46146146    0.04234071
   11.50150150    0.04240838
   11.54154154    0.04248638
   11.58158158    0.04257485
   11.62162162    0.04267376
   11.66166166    0.04278286
   11.70170170    0.04290174
   11.74174174    0.04302980
   11.78178178    0.04316625
   11.82182182    0.04331015
   11.86186186    0.04346037
   11.90190190    0.04361565
   11.94194194    0.04377456
   11.98198198    0.04393559
   12.02202202    0.04409712
   12.06206206    0.04425744
   12.10210210    0.04441482
   12.14214214    0.04456750
   12.18218218    0.04471372
   12.22222222    0.04485179
   12.26226226    0.04498010
   12.30230230    0.04509711
   12.34234234    0.04520148
   12.38238238    0.04529201
   12.42242242    0.04536769
   12.46246246    0.04542775
   12.50250250    0.04547166
   12.54254254    0.04549914
   12.58258258    0.04551016
   12.62262262    0.04550496
   12.66266266    0.04548404
   12.70270270    0.04544814
   12.74274274    0.04539825
   12.78278278    0.04533553
   12.82282282    0.04526137
   12.86286286    0.04517730
   12.90290290    0.04508497
   12.94294294    0.04498614
   12.98298298    0.04488262
   13.02302302    0.04477625
   13.06306306    0.04466890
   13.10310310    0.04456237
   13.14314314    0.04445843
   13.18318318    0.04435875
   13.22322322    0.04426491
   13.26326326    0.04417835
   13.30330330    0.04410039
   13.34334334    0.04403217
   13.38338338    0.04397468
   13.42342342    0.04392870
   13.46346346    0.04389487
   13.50350350    0.04387361
   13.54354354    0.04386514
   13.58358358    0.04386951
   13.62362362    0.04388657
   13.66366366    0.04391597
   13.70370370    0.04395717
   13.74374374    0.04400946
   13.78378378    0.04407197
   13.82382382    0.04414364
   13.86386386    0.04422330
   13.90390390    0.04430962
   13.94394394    0.04440117
   13.98398398    0.04449644
   14.02402402    0.04459383
   14.06406406    0.04469170
   14.10410410    0.04478841
   14.14414414    0.04488232
   14.18418418    0.04497184
   14.22422422    0.04505545
   14.26426426    0.04513173
   14.30430430    0.04519939
   14.34434434    0.04525731
   14.38438438    0.04530454
   14.42442442    0.04534035
   14.46446446    0.04536421
   14.50450450    0.04537584
   14.54454454    0.04537518
   14.58458458    0.04536243
   14.62462462    0.04533799
   14.66466466    0.04530253
   14.70470470    0.04525689
   14.74474474    0.04520211
   14.78478478    0.04513940
   14.82482482    0.04507010
   14.86486486    0.04499566
   14.90490490    0.04491761
   14.94494494    0.04483754
   14.98498498    0.04475703
   15.02502503    0.04467766
   15.06506507    0.04460099
   15.10510511    0.04452847
   15.14514515    0.04446150
   15.18518519    0.04440133
   15.22522523    0.04434909
   15.26526527    0.04430576
   15.30530531    0.04427215
   15.34534535    0.04424889
   15.38538539    0.04423644
   15.42542543    0.04423503
   15.46546547    0.04424472
   15.50550551    0.04426537
   15.54554555    0.04429662
   15.58558559    0.04433792
   15.62562563    0.04438853
   15.66566567    0.04444752
   15.70570571    0.04451378
   15.74574575    0.04458603
   15.78578579    0.04466286
   15.82582583    0.04474273
   15.86586587    0.04482396
   15.90590591    0.04490482
   15.94594595    0.04498351
   15.98598599    0.04505820
   16.02602603    0.04512706
   16.06606607    0.04518831
   16.10610611    0.04524022
   16.14614615    0.04528118
   16.18618619    0.04530969
   16.22622623    0.04532445
   16.26626627    0.04532431
   16.30630631    0.04530838
   16.34634635    0.04527597
   16.38638639    0.04522667
   16.42642643    0.04516030
   16.46646647    0.04507698
   16.50650651    0.04497705
   16.54654655    0.04486114
   16.58658659    0.04473009
   16.62662663    0.04458497
   16.66666667    0.04442703
   16.70670671    0.04425769
   16.74674675    0.04407852
   16.78678679    0.04389117
   16.82682683    0.04369737
   16.86686687    0.04349890
   16.90690691    0.04329753
   16.94694695    0.04309500
   16.98698699    0.04289303
   17.02702703    0.04269322
   17.06706707    0.04249711
   17.10710711    0.04230607
   17.14714715    0.04212137
   17.18718719    0.04194412
   17.22722723    0.04177524
   17.26726727    0.04161550
   17.30730731    0.04146547
   17.34734735    0.04132554
   17.38738739    0.04119592
   17.42742743    0.04107660
   17.46746747    0.04096742
   17.50750751    0.04086802
   17.54754755    0.04077784
   17.58758759    0.04069620
   17.62762763    0.04062221
   17.66766767    0.04055486
   17.70770771    0.04049302
   17.74774775    0.04043541
   17.78778779    0.04038068
   17.82782783    0.04032741
   17.86786787    0.04027411
   17.90790791    0.04021928
   17.94794795    0.04016141
   17.98798799    0.04009903
   18.02802803    0.04003072
   18.06806807    0.03995515
   18.10810811    0.03987110
   18.14814815    0.03977748
   18.18818819    0.03967337
   18.22822823    0.03955801
   18.26826827    0.03943087
   18.30830831    0.03929158
   18.34834835    0.03914002
   18.38838839    0.03897627
   18.42842843    0.03880062
   18.46846847    0.03861357
   18.50850851    0.03841583
   18.54854855    0.03820825
   18.58858859    0.03799188
   18.62862863    0.03776788
   18.66866867    0.03753753
   18.70870871    0.03730222
   18.74874875    0.03706338
   18.78878879    0.03682249
   18.82882883    0.03658105
   18.86886887    0.03634056
   18.90890891    0.03610248
   18.94894895    0.03586824
   18.98898899    0.03563920
   19.02902903    0.03541665
   19.06906907    0.03520179
   19.10910911    0.03499572
   19.14914915    0.03479944
   19.18918919    0.03461385
   19.22922923    0.03443970
   19.26926927    0.03427765
   19.30930931    0.03412823
   19.34934935    0.03399183
   19.38938939    0.03386874
   19.42942943    0.03375909
   19.46946947    0.03366292
   19.50950951    0.03358011
   19.54954955    0.03351045
   19.58958959    0.03345358
   19.62962963    0.03340904
   19.66966967    0.03337622
   19.70970971    0.03335443
   19.74974975    0.03334284
   19.78978979    0.03334054
   19.82982983    0.03334648
   19.86986987    0.03335956
   19.90990991    0.03337856
   19.94994995    0.03340222
   19.98998999    0.03342919
   20.03003003    0.03345809
   20.07007007    0.03348750
   20.11011011    0.03351600
   20.15015015    0.03354217
   20.19019019    0.03356462
   20.23023023    0.03358200
   20.27027027    0.03359305
   20.31031031    0.03359658
   20.35035035    0.03359154
   20.39039039    0.03357700
   20.43043043    0.03355218
   20.47047047    0.03351646
   20.51051051    0.03346942
   20.55055055    0.03341079
   20.59059059    0.03334053
   20.63063063    0.03325877
   20.67067067    0.03316581
   20.71071071    0.03306215
   20.75075075    0.03294844
   20.79079079    0.03282551
   20.83083083    0.03269429
   20.87087087    0.03255583
   20.91091091    0.03241128
   20.95095095    0.03226187
   20.99099099    0.03210887
   21.03103103    0.03195355
   21.07107107    0.03179724
   21.11111111    0.03164121
   21.15115115    0.03148672
   21.19119119    0.03133498
   21.23123123    0.03118713
   21.27127127    0.03104423
   21.31131131    0.03090727
   21.35135135    0.03077713
   21.39139139    0.03065459
   21.43143143    0.03054033
   21.47147147    0.03043490
   21.51151151    0.03033875
   21.55155155    0.03025220
   21.59159159    0.03017545
   21.63163163    0.03010858
   21.67167167    0.03005157
   21.71171171    0.03000425
   21.75175175    0.02996635
   21.79179179    0.02993749
   21.83183183    0.02991717
   21.87187187    0.02990480
   21.91191191    0.02989967
   21.95195195    0.02990099
   21.99199199    0.02990790
   22.03203203    0.02991945
   22.07207207    0.02993462
   22.11211211    0.02995238
   22.15215215    0.02997162
   22.19219219    0.02999124
   22.23223223    0.03001013
   22.27227227    0.03002720
   22.31231231    0.03004138
   22.35235235    0.03005167
   22.39239239    0.03005715
   22.43243243    0.03005696
   22.47247247    0.03005038
   22.51251251    0.03003678
   22.55255255    0.03001569
   22.59259259    0.02998678
   22.63263263    0.02994985
   22.67267267    0.02990488
   22.71271271    0.02985200
   22.75275275    0.02979147
   22.79279279    0.02972372
   22.83283283    0.02964930
   22.87287287    0.02956889
   22.91291291    0.02948328
   22.95295295    0.02939333
   22.99299299    0.02930001
   23.03303303    0.02920430
   23.07307307    0.02910726
   23.11311311    0.02900994
   23.15315315    0.02891339
   23.19319319    0.02881865
   23.23323323    0.02872673
   23.27327327    0.02863858
   23.31331331    0.02855510
   23.35335335    0.02847711
   23.39339339    0.02840535
   23.43343343    0.02834047
   23.47347347    0.02828302
   23.51351351    0.02823344
   23.55355355    0.02819208
   23.59359359    0.02815916
   23.63363363    0.02813478
   23.67367367    0.02811894
   23.71371371    0.02811151
   23.75375375    0.02811224
   23.79379379    0.02812076
   23.83383383    0.02813660
   23.87387387    0.02815915
   23.91391391    0.02818772
   23.95395395    0.02822148
   23.99399399    0.02825954
   24.03403403    0.02830088
   24.07407407    0.02834443
   24.11411411    0.02838903
   24.15415415    0.02843347
   24.19419419    0.02847651
   24.23423423    0.02851686
   24.27427427    0.02855324
   24.31431431    0.02858439
   24.35435435    0.02860905
   24.39439439    0.02862605
   24.43443443    0.02863428
   24.47447447    0.02863271
   24.51451451    0.02862045
   24.55455455    0.02859672
   24.59459459    0.02856090
   24.63463463    0.02851253
   24.67467467    0.02845130
   24.71471471    0.02837710
   24.75475475    0.02828997
   24.79479479    0.02819016
   24.83483483    0.02807805
   24.87487487    0.02795422
   24.91491491    0.02781936
   24.95495495    0.02767432
   24.99499499    0.02752006
   25.03503504    0.02735763
   25.07507508    0.02718817
   25.11511512    0.02701288
   25.15515516    0.02683298
   25.19519520    0.02664975
   25.23523524    0.02646443
   25.27527528    0.02627827
   25.31531532    0.02609250
   25.35535536    0.02590828
   25.39539540    0.02572675
   25.43543544    0.02554898
   25.47547548    0.02537595
   25.51551552    0.02520859
   25.55555556    0.02504775
   25.59559560    0.02489419
   25.63563564    0.02474858
   25.67567568    0.02461152
   25.71571572    0.02448352
   25.75575576    0.02436499
   25.79579580    0.02425628
   25.83583584    0.02415765
   25.87587588    0.02406925
   25.91591592    0.02399118
   25.95595596    0.02392344
   25.99599600    0.02386597
   26.03603604    0.02381860
   26.07607608    0.02378111
   26.11611612    0.02375318
   26.15615616    0.02373443
   26.19619620    0.02372439
   26.23623624    0.02372252
   26.27627628    0.02372821
   26.31631632    0.02374078
   26.35635636    0.02375947
   26.39639640    0.02378347
   26.43643644    0.02381190
   26.47647648    0.02384383
   26.51651652    0.02387830
   26.55655656    0.02391429
   26.59659660    0.02395077
   26.63663664    0.02398667
   26.67667668    0.02402095
   26.71671672    0.02405256
   26.75675676    0.02408048
   26.79679680    0.02410372
   26.83683684    0.02412137
   26.87687688    0.02413258
   26.91691692    0.02413657
   26.95695696    0.02413270
   26.99699700    0.02412040
   27.03703704    0.02409924
   27.07707708    0.02406895
   27.11711712    0.02402934
   27.15715716    0.02398041
   27.19719720    0.02392228
   27.23723724    0.02385519
   27.27727728    0.02377955
   27.31731732    0.02369585
   27.35735736    0.02360472
   27.39739740    0.02350687
   27.43743744    0.02340312
   27.47747748    0.02329434
   27.51751752    0.02318146
   27.55755756    0.02306545
   27.59759760    0.02294730
   27.63763764    0.02282803
   27.67767768    0.02270863
   27.71771772    0.02259009
   27.75775776    0.02247339
   27.79779780    0.02235944
   27.83783784    0.02224915
   27.87787788    0.02214333
   27.91791792    0.02204280
   27.95795796    0.02194826
   27.99799800    0.02186039
   28.03803804    0.02177978
   28.07807808    0.02170699
   28.11811812    0.02164249
   28.15815816    0.02158668
   28.19819820    0.02153991
   28.23823824    0.02150246
   28.27827828    0.02147454
   28.31831832    0.02145631
   28.35835836    0.02144786
   28.39839840    0.02144920
   28.43843844    0.02146030
   28.47847848    0.02148104
   28.51851852    0.02151127
   28.55855856    0.02155074
   28.59859860    0.02159914
   28.63863864    0.02165611
   28.67867868    0.02172120
   28.71871872    0.02179392
   28.75875876    0.02187368
   28.79879880    0.02195984
   28.83883884    0.02205169
   28.87887888    0.02214844
   28.91891892    0.02224927
   28.95895896    0.02235327
   28.99899900    0.02245950
   29.03903904    0.02256694
   29.07907908    0.02267456
   29.11911912    0.02278131
   29.15915916    0.02288608
   29.19919920    0.02298779
   29.23923924    0.02308536
   29.27927928    0.02317772
   29.31931932    0.02326387
   29.35935936    0.02334283
   29.39939940    0.02341372
   29.43943944    0.02347573
   29.47947948    0.02352816
   29.51951952    0.02357044
   29.55955956    0.02360210
   29.59959960    0.02362284
   29.63963964    0.02363249
   29.67967968    0.02363101
   29.71971972    0.02361854
   29.75975976    0.02359535
   29.79979980    0.02356186
   29.83983984    0.02351860
   29.87987988    0.02346625
   29.91991992    0.02340557
   29.95995996    0.02333744
   30.00000000    0.02326280
