# Final state angular momentum:   1
# Broadening parameter (in eV):    1.000
# Absorbing atom type (xiabs):   2
# Energy (eV)   sigma
  -10.00000000    0.00010508
   -9.95995996    0.00010522
   -9.91991992    0.00010535
   -9.87987988    0.00010549
   -9.83983984    0.00010563
   -9.79979980    0.00010576
   -9.75975976    0.00010590
   -9.71971972    0.00010604
   -9.67967968    0.00010618
   -9.63963964    0.00010631
   -9.59959960    0.00010645
   -9.55955956    0.00010659
   -9.51951952    0.00010673
   -9.47947948    0.00010687
   -9.43943944    0.00010701
   -9.39939940    0.00010715
   -9.35935936    0.00010729
   -9.31931932    0.00010743
   -9.27927928    0.00010757
   -9.23923924    0.00010771
   -9.19919920    0.00010785
   -9.15915916    0.00010799
   -9.11911912    0.00010813
   -9.07907908    0.00010828
   -9.03903904    0.00010842
   -8.99899900    0.00010856
   -8.95895896    0.00010870
   -8.91891892    0.00010885
   -8.87887888    0.00010899
   -8.83883884    0.00010913
   -8.79879880    0.00010928
   -8.75875876    0.00010942
   -8.71871872    0.00010957
   -8.67867868    0.00010971
   -8.63863864    0.00010986
   -8.59859860    0.00011000
   -8.55855856    0.00011015
   -8.51851852    0.00011029
   -8.47847848    0.00011044
   -8.43843844    0.00011059
   -8.39839840    0.00011073
   -8.35835836    0.00011088
   -8.31831832    0.00011103
   -8.27827828    0.00011118
   -8.23823824    0.00011133
   -8.19819820    0.00011147
   -8.15815816    0.00011162
   -8.11811812    0.00011177
   -8.07807808    0.00011192
   -8.03803804    0.00011207
   -7.99799800    0.00011222
   -7.95795796    0.00011237
   -7.91791792    0.00011252
   -7.87787788    0.00011267
   -7.83783784    0.00011283
   -7.79779780    0.00011298
   -7.75775776    0.00011313
   -7.71771772    0.00011328
   -7.67767768    0.00011343
   -7.63763764    0.00011359
   -7.59759760    0.00011374
   -7.55755756    0.00011389
   -7.51751752    0.00011405
   -7.47747748    0.00011420
   -7.43743744    0.00011436
   -7.39739740    0.00011451
   -7.35735736    0.00011467
   -7.31731732    0.00011482
   -7.27727728    0.00011498
   -7.23723724    0.00011513
   -7.19719720    0.00011529
   -7.15715716    0.00011545
   -7.11711712    0.00011560
   -7.07707708    0.00011576
   -7.03703704    0.00011592
   -6.99699700    0.00011607
   -6.95695696    0.00011623
   -6.91691692    0.00011639
   -6.87687688    0.00011655
   -6.83683684    0.00011671
   -6.79679680    0.00011687
   -6.75675676    0.00011703
   -6.71671672    0.00011719
   -6.67667668    0.00011735
   -6.63663664    0.00011751
   -6.59659660    0.00011767
   -6.55655656    0.00011783
   -6.51651652    0.00011799
   -6.47647648    0.00011815
   -6.43643644    0.00011832
   -6.39639640    0.00011848
   -6.35635636    0.00011864
   -6.31631632    0.00011881
   -6.27627628    0.00011897
   -6.23623624    0.00011913
   -6.19619620    0.00011930
   -6.15615616    0.00011946
   -6.11611612    0.00011963
   -6.07607608    0.00011979
   -6.03603604    0.00011996
   -5.99599600    0.00012013
   -5.95595596    0.00012029
   -5.91591592    0.00012046
   -5.87587588    0.00012063
   -5.83583584    0.00012080
   -5.79579580    0.00012096
   -5.75575576    0.00012113
   -5.71571572    0.00012130
   -5.67567568    0.00012147
   -5.63563564    0.00012164
   -5.59559560    0.00012181
   -5.55555556    0.00012198
   -5.51551552    0.00012215
   -5.47547548    0.00012232
   -5.43543544    0.00012249
   -5.39539540    0.00012267
   -5.35535536    0.00012284
   -5.31531532    0.00012301
   -5.27527528    0.00012319
   -5.23523524    0.00012336
   -5.19519520    0.00012353
   -5.15515516    0.00012371
   -5.11511512    0.00012388
   -5.07507508    0.00012406
   -5.03503504    0.00012423
   -4.99499499    0.00012441
   -4.95495495    0.00012458
   -4.91491491    0.00012476
   -4.87487487    0.00012494
   -4.83483483    0.00012511
   -4.79479479    0.00012529
   -4.75475475    0.00012547
   -4.71471471    0.00012565
   -4.67467467    0.00012583
   -4.63463463    0.00012600
   -4.59459459    0.00012618
   -4.55455455    0.00012636
   -4.51451451    0.00012654
   -4.47447447    0.00012672
   -4.43443443    0.00012690
   -4.39439439    0.00012709
   -4.35435435    0.00012727
   -4.31431431    0.00012745
   -4.27427427    0.00012763
   -4.23423423    0.00012781
   -4.19419419    0.00012800
   -4.15415415    0.00012818
   -4.11411411    0.00012836
   -4.07407407    0.00012855
   -4.03403403    0.00012873
   -3.99399399    0.00012892
   -3.95395395    0.00012910
   -3.91391391    0.00012929
   -3.87387387    0.00012947
   -3.83383383    0.00012966
   -3.79379379    0.00012985
   -3.75375375    0.00013003
   -3.71371371    0.00013022
   -3.67367367    0.00013041
   -3.63363363    0.00013060
   -3.59359359    0.00013079
   -3.55355355    0.00013098
   -3.51351351    0.00013117
   -3.47347347    0.00013136
   -3.43343343    0.00013155
   -3.39339339    0.00013174
   -3.35335335    0.00013193
   -3.31331331    0.00013212
   -3.27327327    0.00013232
   -3.23323323    0.00013251
   -3.19319319    0.00013270
   -3.15315315    0.00013290
   -3.11311311    0.00013309
   -3.07307307    0.00013329
   -3.03303303    0.00013348
   -2.99299299    0.00013368
   -2.95295295    0.00013387
   -2.91291291    0.00013407
   -2.87287287    0.00013427
   -2.83283283    0.00013447
   -2.79279279    0.00013466
   -2.75275275    0.00013486
   -2.71271271    0.00013506
   -2.67267267    0.00013526
   -2.63263263    0.00013546
   -2.59259259    0.00013566
   -2.55255255    0.00013586
   -2.51251251    0.00013607
   -2.47247247    0.00013627
   -2.43243243    0.00013647
   -2.39239239    0.00013667
   -2.35235235    0.00013688
   -2.31231231    0.00013708
   -2.27227227    0.00013729
   -2.23223223    0.00013749
   -2.19219219    0.00013770
   -2.15215215    0.00013790
   -2.11211211    0.00013811
   -2.07207207    0.00013832
   -2.03203203    0.00013852
   -1.99199199    0.00013873
   -1.95195195    0.00013894
   -1.91191191    0.00013915
   -1.87187187    0.00013936
   -1.83183183    0.00013957
   -1.79179179    0.00013978
   -1.75175175    0.00013999
   -1.71171171    0.00014020
   -1.67167167    0.00014042
   -1.63163163    0.00014063
   -1.59159159    0.00014084
   -1.55155155    0.00014106
   -1.51151151    0.00014127
   -1.47147147    0.00014148
   -1.43143143    0.00014170
   -1.39139139    0.00014191
   -1.35135135    0.00014213
   -1.31131131    0.00014235
   -1.27127127    0.00014256
   -1.23123123    0.00014278
   -1.19119119    0.00014300
   -1.15115115    0.00014322
   -1.11111111    0.00014344
   -1.07107107    0.00014366
   -1.03103103    0.00014388
   -0.99099099    0.00014410
   -0.95095095    0.00014432
   -0.91091091    0.00014454
   -0.87087087    0.00014476
   -0.83083083    0.00014498
   -0.79079079    0.00014520
   -0.75075075    0.00014542
   -0.71071071    0.00014565
   -0.67067067    0.00014587
   -0.63063063    0.00014610
   -0.59059059    0.00014632
   -0.55055055    0.00014655
   -0.51051051    0.00014677
   -0.47047047    0.00014700
   -0.43043043    0.00014723
   -0.39039039    0.00014745
   -0.35035035    0.00014768
   -0.31031031    0.00014791
   -0.27027027    0.00014814
   -0.23023023    0.00014837
   -0.19019019    0.00014860
   -0.15015015    0.00014883
   -0.11011011    0.00014906
   -0.07007007    0.00014929
   -0.03003003    0.00014953
    0.01001001    0.00014976
    0.05005005    0.00014999
    0.09009009    0.00015023
    0.13013013    0.00015046
    0.17017017    0.00015070
    0.21021021    0.00015093
    0.25025025    0.00015117
    0.29029029    0.00015141
    0.33033033    0.00015165
    0.37037037    0.00015188
    0.41041041    0.00015212
    0.45045045    0.00015236
    0.49049049    0.00015260
    0.53053053    0.00015285
    0.57057057    0.00015309
    0.61061061    0.00015333
    0.65065065    0.00015357
    0.69069069    0.00015382
    0.73073073    0.00015406
    0.77077077    0.00015431
    0.81081081    0.00015455
    0.85085085    0.00015480
    0.89089089    0.00015504
    0.93093093    0.00015529
    0.97097097    0.00015554
    1.01101101    0.00015579
    1.05105105    0.00015604
    1.09109109    0.00015629
    1.13113113    0.00015654
    1.17117117    0.00015679
    1.21121121    0.00015704
    1.25125125    0.00015730
    1.29129129    0.00015755
    1.33133133    0.00015780
    1.37137137    0.00015806
    1.41141141    0.00015831
    1.45145145    0.00015857
    1.49149149    0.00015883
    1.53153153    0.00015908
    1.57157157    0.00015934
    1.61161161    0.00015960
    1.65165165    0.00015986
    1.69169169    0.00016012
    1.73173173    0.00016038
    1.77177177    0.00016064
    1.81181181    0.00016091
    1.85185185    0.00016117
    1.89189189    0.00016143
    1.93193193    0.00016170
    1.97197197    0.00016196
    2.01201201    0.00016223
    2.05205205    0.00016249
    2.09209209    0.00016276
    2.13213213    0.00016303
    2.17217217    0.00016330
    2.21221221    0.00016357
    2.25225225    0.00016384
    2.29229229    0.00016411
    2.33233233    0.00016438
    2.37237237    0.00016465
    2.41241241    0.00016492
    2.45245245    0.00016520
    2.49249249    0.00016547
    2.53253253    0.00016575
    2.57257257    0.00016602
    2.61261261    0.00016630
    2.65265265    0.00016658
    2.69269269    0.00016686
    2.73273273    0.00016713
    2.77277277    0.00016741
    2.81281281    0.00016770
    2.85285285    0.00016798
    2.89289289    0.00016826
    2.93293293    0.00016854
    2.97297297    0.00016883
    3.01301301    0.00016911
    3.05305305    0.00016940
    3.09309309    0.00016968
    3.13313313    0.00016997
    3.17317317    0.00017026
    3.21321321    0.00017054
    3.25325325    0.00017083
    3.29329329    0.00017112
    3.33333333    0.00017142
    3.37337337    0.00017171
    3.41341341    0.00017200
    3.45345345    0.00017229
    3.49349349    0.00017259
    3.53353353    0.00017288
    3.57357357    0.00017318
    3.61361361    0.00017348
    3.65365365    0.00017377
    3.69369369    0.00017407
    3.73373373    0.00017437
    3.77377377    0.00017467
    3.81381381    0.00017497
    3.85385385    0.00017527
    3.89389389    0.00017557
    3.93393393    0.00017588
    3.97397397    0.00017618
    4.01401401    0.00017649
    4.05405405    0.00017679
    4.09409409    0.00017710
    4.13413413    0.00017741
    4.17417417    0.00017771
    4.21421421    0.00017802
    4.25425425    0.00017833
    4.29429429    0.00017864
    4.33433433    0.00017895
    4.37437437    0.00017926
    4.41441441    0.00017958
    4.45445445    0.00017989
    4.49449449    0.00018021
    4.53453453    0.00018052
    4.57457457    0.00018084
    4.61461461    0.00018115
    4.65465465    0.00018147
    4.69469469    0.00018179
    4.73473473    0.00018211
    4.77477477    0.00018243
    4.81481481    0.00018275
    4.85485485    0.00018307
    4.89489489    0.00018340
    4.93493493    0.00018372
    4.97497497    0.00018405
    5.01501502    0.00018437
    5.05505506    0.00018470
    5.09509510    0.00018503
    5.13513514    0.00018536
    5.17517518    0.00018569
    5.21521522    0.00018602
    5.25525526    0.00018635
    5.29529530    0.00018668
    5.33533534    0.00018702
    5.37537538    0.00018735
    5.41541542    0.00018769
    5.45545546    0.00018803
    5.49549550    0.00018836
    5.53553554    0.00018870
    5.57557558    0.00018904
    5.61561562    0.00018938
    5.65565566    0.00018972
    5.69569570    0.00019007
    5.73573574    0.00019041
    5.77577578    0.00019076
    5.81581582    0.00019110
    5.85585586    0.00019145
    5.89589590    0.00019180
    5.93593594    0.00019215
    5.97597598    0.00019250
    6.01601602    0.00019285
    6.05605606    0.00019320
    6.09609610    0.00019356
    6.13613614    0.00019391
    6.17617618    0.00019427
    6.21621622    0.00019462
    6.25625626    0.00019498
    6.29629630    0.00019534
    6.33633634    0.00019570
    6.37637638    0.00019606
    6.41641642    0.00019642
    6.45645646    0.00019679
    6.49649650    0.00019715
    6.53653654    0.00019752
    6.57657658    0.00019788
    6.61661662    0.00019825
    6.65665666    0.00019862
    6.69669670    0.00019899
    6.73673674    0.00019936
    6.77677678    0.00019974
    6.81681682    0.00020011
    6.85685686    0.00020048
    6.89689690    0.00020086
    6.93693694    0.00020124
    6.97697698    0.00020162
    7.01701702    0.00020200
    7.05705706    0.00020238
    7.09709710    0.00020276
    7.13713714    0.00020314
    7.17717718    0.00020353
    7.21721722    0.00020391
    7.25725726    0.00020430
    7.29729730    0.00020469
    7.33733734    0.00020508
    7.37737738    0.00020547
    7.41741742    0.00020586
    7.45745746    0.00020625
    7.49749750    0.00020665
    7.53753754    0.00020704
    7.57757758    0.00020744
    7.61761762    0.00020784
    7.65765766    0.00020824
    7.69769770    0.00020864
    7.73773774    0.00020904
    7.77777778    0.00020944
    7.81781782    0.00020985
    7.85785786    0.00021025
    7.89789790    0.00021066
    7.93793794    0.00021107
    7.97797798    0.00021148
    8.01801802    0.00021189
    8.05805806    0.00021230
    8.09809810    0.00021272
    8.13813814    0.00021313
    8.17817818    0.00021355
    8.21821822    0.00021397
    8.25825826    0.00021439
    8.29829830    0.00021481
    8.33833834    0.00021523
    8.37837838    0.00021565
    8.41841842    0.00021608
    8.45845846    0.00021650
    8.49849850    0.00021693
    8.53853854    0.00021736
    8.57857858    0.00021779
    8.61861862    0.00021823
    8.65865866    0.00021866
    8.69869870    0.00021909
    8.73873874    0.00021953
    8.77877878    0.00021997
    8.81881882    0.00022041
    8.85885886    0.00022085
    8.89889890    0.00022129
    8.93893894    0.00022174
    8.97897898    0.00022218
    9.01901902    0.00022263
    9.05905906    0.00022308
    9.09909910    0.00022353
    9.13913914    0.00022398
    9.17917918    0.00022443
    9.21921922    0.00022489
    9.25925926    0.00022534
    9.29929930    0.00022580
    9.33933934    0.00022626
    9.37937938    0.00022672
    9.41941942    0.00022718
    9.45945946    0.00022765
    9.49949950    0.00022811
    9.53953954    0.00022858
    9.57957958    0.00022905
    9.61961962    0.00022952
    9.65965966    0.00022999
    9.69969970    0.00023047
    9.73973974    0.00023094
    9.77977978    0.00023142
    9.81981982    0.00023190
    9.85985986    0.00023238
    9.89989990    0.00023286
    9.93993994    0.00023334
    9.97997998    0.00023383
   10.02002002    0.00023432
   10.06006006    0.00023481
   10.10010010    0.00023530
   10.14014014    0.00023579
   10.18018018    0.00023629
   10.22022022    0.00023679
   10.26026026    0.00023728
   10.30030030    0.00023778
   10.34034034    0.00023829
   10.38038038    0.00023879
   10.42042042    0.00023930
   10.46046046    0.00023981
   10.50050050    0.00024032
   10.54054054    0.00024083
   10.58058058    0.00024134
   10.62062062    0.00024186
   10.66066066    0.00024238
   10.70070070    0.00024290
   10.74074074    0.00024342
   10.78078078    0.00024394
   10.82082082    0.00024447
   10.86086086    0.00024500
   10.90090090    0.00024553
   10.94094094    0.00024606
   10.98098098    0.00024659
   11.02102102    0.00024713
   11.06106106    0.00024766
   11.10110110    0.00024820
   11.14114114    0.00024875
   11.18118118    0.00024929
   11.22122122    0.00024984
   11.26126126    0.00025038
   11.30130130    0.00025093
   11.34134134    0.00025149
   11.38138138    0.00025204
   11.42142142    0.00025260
   11.46146146    0.00025316
   11.50150150    0.00025372
   11.54154154    0.00025429
   11.58158158    0.00025485
   11.62162162    0.00025542
   11.66166166    0.00025599
   11.70170170    0.00025656
   11.74174174    0.00025714
   11.78178178    0.00025772
   11.82182182    0.00025830
   11.86186186    0.00025888
   11.90190190    0.00025947
   11.94194194    0.00026005
   11.98198198    0.00026064
   12.02202202    0.00026124
   12.06206206    0.00026183
   12.10210210    0.00026243
   12.14214214    0.00026303
   12.18218218    0.00026363
   12.22222222    0.00026423
   12.26226226    0.00026484
   12.30230230    0.00026545
   12.34234234    0.00026606
   12.38238238    0.00026668
   12.42242242    0.00026730
   12.46246246    0.00026792
   12.50250250    0.00026854
   12.54254254    0.00026917
   12.58258258    0.00026980
   12.62262262    0.00027043
   12.66266266    0.00027107
   12.70270270    0.00027171
   12.74274274    0.00027235
   12.78278278    0.00027299
   12.82282282    0.00027364
   12.86286286    0.00027429
   12.90290290    0.00027494
   12.94294294    0.00027560
   12.98298298    0.00027626
   13.02302302    0.00027692
   13.06306306    0.00027758
   13.10310310    0.00027825
   13.14314314    0.00027892
   13.18318318    0.00027960
   13.22322322    0.00028027
   13.26326326    0.00028095
   13.30330330    0.00028164
   13.34334334    0.00028232
   13.38338338    0.00028301
   13.42342342    0.00028370
   13.46346346    0.00028440
   13.50350350    0.00028510
   13.54354354    0.00028580
   13.58358358    0.00028651
   13.62362362    0.00028722
   13.66366366    0.00028794
   13.70370370    0.00028865
   13.74374374    0.00028938
   13.78378378    0.00029010
   13.82382382    0.00029083
   13.86386386    0.00029156
   13.90390390    0.00029230
   13.94394394    0.00029304
   13.98398398    0.00029378
   14.02402402    0.00029453
   14.06406406    0.00029528
   14.10410410    0.00029603
   14.14414414    0.00029679
   14.18418418    0.00029755
   14.22422422    0.00029831
   14.26426426    0.00029908
   14.30430430    0.00029985
   14.34434434    0.00030062
   14.38438438    0.00030140
   14.42442442    0.00030218
   14.46446446    0.00030297
   14.50450450    0.00030376
   14.54454454    0.00030455
   14.58458458    0.00030535
   14.62462462    0.00030615
   14.66466466    0.00030696
   14.70470470    0.00030777
   14.74474474    0.00030859
   14.78478478    0.00030941
   14.82482482    0.00031023
   14.86486486    0.00031107
   14.90490490    0.00031190
   14.94494494    0.00031274
   14.98498498    0.00031359
   15.02502503    0.00031444
   15.06506507    0.00031530
   15.10510511    0.00031616
   15.14514515    0.00031703
   15.18518519    0.00031791
   15.22522523    0.00031878
   15.26526527    0.00031967
   15.30530531    0.00032056
   15.34534535    0.00032145
   15.38538539    0.00032235
   15.42542543    0.00032325
   15.46546547    0.00032415
   15.50550551    0.00032507
   15.54554555    0.00032598
   15.58558559    0.00032690
   15.62562563    0.00032783
   15.66566567    0.00032876
   15.70570571    0.00032969
   15.74574575    0.00033063
   15.78578579    0.00033158
   15.82582583    0.00033253
   15.86586587    0.00033348
   15.90590591    0.00033444
   15.94594595    0.00033541
   15.98598599    0.00033639
   16.02602603    0.00033737
   16.06606607    0.00033835
   16.10610611    0.00033934
   16.14614615    0.00034034
   16.18618619    0.00034135
   16.22622623    0.00034235
   16.26626627    0.00034337
   16.30630631    0.00034439
   16.34634635    0.00034542
   16.38638639    0.00034645
   16.42642643    0.00034748
   16.46646647    0.00034853
   16.50650651    0.00034958
   16.54654655    0.00035063
   16.58658659    0.00035169
   16.62662663    0.00035276
   16.66666667    0.00035384
   16.70670671    0.00035492
   16.74674675    0.00035601
   16.78678679    0.00035711
   16.82682683    0.00035822
   16.86686687    0.00035934
   16.90690691    0.00036047
   16.94694695    0.00036160
   16.98698699    0.00036275
   17.02702703    0.00036391
   17.06706707    0.00036509
   17.10710711    0.00036627
   17.14714715    0.00036746
   17.18718719    0.00036867
   17.22722723    0.00036989
   17.26726727    0.00037111
   17.30730731    0.00037235
   17.34734735    0.00037360
   17.38738739    0.00037486
   17.42742743    0.00037613
   17.46746747    0.00037741
   17.50750751    0.00037869
   17.54754755    0.00037999
   17.58758759    0.00038130
   17.62762763    0.00038261
   17.66766767    0.00038393
   17.70770771    0.00038527
   17.74774775    0.00038661
   17.78778779    0.00038796
   17.82782783    0.00038932
   17.86786787    0.00039069
   17.90790791    0.00039207
   17.94794795    0.00039347
   17.98798799    0.00039488
   18.02802803    0.00039630
   18.06806807    0.00039773
   18.10810811    0.00039918
   18.14814815    0.00040065
   18.18818819    0.00040213
   18.22822823    0.00040362
   18.26826827    0.00040513
   18.30830831    0.00040666
   18.34834835    0.00040820
   18.38838839    0.00040975
   18.42842843    0.00041131
   18.46846847    0.00041289
   18.50850851    0.00041447
   18.54854855    0.00041606
   18.58858859    0.00041766
   18.62862863    0.00041927
   18.66866867    0.00042089
   18.70870871    0.00042251
   18.74874875    0.00042413
   18.78878879    0.00042576
   18.82882883    0.00042740
   18.86886887    0.00042904
   18.90890891    0.00043070
   18.94894895    0.00043236
   18.98898899    0.00043403
   19.02902903    0.00043572
   19.06906907    0.00043742
   19.10910911    0.00043914
   19.14914915    0.00044088
   19.18918919    0.00044264
   19.22922923    0.00044442
   19.26926927    0.00044623
   19.30930931    0.00044806
   19.34934935    0.00044992
   19.38938939    0.00045180
   19.42942943    0.00045371
   19.46946947    0.00045565
   19.50950951    0.00045761
   19.54954955    0.00045960
   19.58958959    0.00046160
   19.62962963    0.00046363
   19.66966967    0.00046568
   19.70970971    0.00046774
   19.74974975    0.00046982
   19.78978979    0.00047191
   19.82982983    0.00047401
   19.86986987    0.00047612
   19.90990991    0.00047824
   19.94994995    0.00048037
   19.98998999    0.00048250
   20.03003003    0.00048464
   20.07007007    0.00048680
   20.11011011    0.00048896
   20.15015015    0.00049114
   20.19019019    0.00049334
   20.23023023    0.00049555
   20.27027027    0.00049780
   20.31031031    0.00050007
   20.35035035    0.00050237
   20.39039039    0.00050470
   20.43043043    0.00050707
   20.47047047    0.00050948
   20.51051051    0.00051193
   20.55055055    0.00051442
   20.59059059    0.00051695
   20.63063063    0.00051952
   20.67067067    0.00052212
   20.71071071    0.00052476
   20.75075075    0.00052742
   20.79079079    0.00053012
   20.83083083    0.00053283
   20.87087087    0.00053557
   20.91091091    0.00053831
   20.95095095    0.00054107
   20.99099099    0.00054382
   21.03103103    0.00054658
   21.07107107    0.00054934
   21.11111111    0.00055209
   21.15115115    0.00055484
   21.19119119    0.00055758
   21.23123123    0.00056032
   21.27127127    0.00056306
   21.31131131    0.00056580
   21.35135135    0.00056855
   21.39139139    0.00057132
   21.43143143    0.00057410
   21.47147147    0.00057690
   21.51151151    0.00057973
   21.55155155    0.00058258
   21.59159159    0.00058547
   21.63163163    0.00058840
   21.67167167    0.00059136
   21.71171171    0.00059436
   21.75175175    0.00059739
   21.79179179    0.00060045
   21.83183183    0.00060354
   21.87187187    0.00060666
   21.91191191    0.00060981
   21.95195195    0.00061298
   21.99199199    0.00061616
   22.03203203    0.00061936
   22.07207207    0.00062259
   22.11211211    0.00062583
   22.15215215    0.00062909
   22.19219219    0.00063237
   22.23223223    0.00063569
   22.27227227    0.00063904
   22.31231231    0.00064243
   22.35235235    0.00064588
   22.39239239    0.00064939
   22.43243243    0.00065296
   22.47247247    0.00065661
   22.51251251    0.00066035
   22.55255255    0.00066418
   22.59259259    0.00066810
   22.63263263    0.00067213
   22.67267267    0.00067626
   22.71271271    0.00068050
   22.75275275    0.00068483
   22.79279279    0.00068927
   22.83283283    0.00069381
   22.87287287    0.00069843
   22.91291291    0.00070313
   22.95295295    0.00070790
   22.99299299    0.00071273
   23.03303303    0.00071760
   23.07307307    0.00072250
   23.11311311    0.00072741
   23.15315315    0.00073234
   23.19319319    0.00073725
   23.23323323    0.00074214
   23.27327327    0.00074701
   23.31331331    0.00075185
   23.35335335    0.00075665
   23.39339339    0.00076143
   23.43343343    0.00076618
   23.47347347    0.00077091
   23.51351351    0.00077564
   23.55355355    0.00078039
   23.59359359    0.00078516
   23.63363363    0.00078997
   23.67367367    0.00079486
   23.71371371    0.00079982
   23.75375375    0.00080489
   23.79379379    0.00081007
   23.83383383    0.00081539
   23.87387387    0.00082085
   23.91391391    0.00082647
   23.95395395    0.00083224
   23.99399399    0.00083818
   24.03403403    0.00084429
   24.07407407    0.00085056
   24.11411411    0.00085698
   24.15415415    0.00086355
   24.19419419    0.00087026
   24.23423423    0.00087709
   24.27427427    0.00088404
   24.31431431    0.00089109
   24.35435435    0.00089822
   24.39439439    0.00090544
   24.43443443    0.00091272
   24.47447447    0.00092006
   24.51451451    0.00092747
   24.55455455    0.00093493
   24.59459459    0.00094247
   24.63463463    0.00095008
   24.67467467    0.00095779
   24.71471471    0.00096560
   24.75475475    0.00097354
   24.79479479    0.00098163
   24.83483483    0.00098988
   24.87487487    0.00099831
   24.91491491    0.00100694
   24.95495495    0.00101578
   24.99499499    0.00102484
   25.03503504    0.00103413
   25.07507508    0.00104363
   25.11511512    0.00105335
   25.15515516    0.00106326
   25.19519520    0.00107335
   25.23523524    0.00108359
   25.27527528    0.00109395
   25.31531532    0.00110439
   25.35535536    0.00111486
   25.39539540    0.00112534
   25.43543544    0.00113576
   25.47547548    0.00114611
   25.51551552    0.00115634
   25.55555556    0.00116641
   25.59559560    0.00117632
   25.63563564    0.00118604
   25.67567568    0.00119557
   25.71571572    0.00120492
   25.75575576    0.00121411
   25.79579580    0.00122317
   25.83583584    0.00123212
   25.87587588    0.00124102
   25.91591592    0.00124991
   25.95595596    0.00125885
   25.99599600    0.00126787
   26.03603604    0.00127702
   26.07607608    0.00128635
   26.11611612    0.00129589
   26.15615616    0.00130567
   26.19619620    0.00131570
   26.23623624    0.00132598
   26.27627628    0.00133652
   26.31631632    0.00134728
   26.35635636    0.00135826
   26.39639640    0.00136940
   26.43643644    0.00138066
   26.47647648    0.00139199
   26.51651652    0.00140333
   26.55655656    0.00141462
   26.59659660    0.00142581
   26.63663664    0.00143685
   26.67667668    0.00144768
   26.71671672    0.00145828
   26.75675676    0.00146861
   26.79679680    0.00147868
   26.83683684    0.00148849
   26.87687688    0.00149806
   26.91691692    0.00150744
   26.95695696    0.00151667
   26.99699700    0.00152581
   27.03703704    0.00153495
   27.07707708    0.00154414
   27.11711712    0.00155349
   27.15715716    0.00156305
   27.19719720    0.00157292
   27.23723724    0.00158316
   27.27727728    0.00159382
   27.31731732    0.00160496
   27.35735736    0.00161662
   27.39739740    0.00162882
   27.43743744    0.00164158
   27.47747748    0.00165489
   27.51751752    0.00166873
   27.55755756    0.00168308
   27.59759760    0.00169789
   27.63763764    0.00171312
   27.67767768    0.00172871
   27.71771772    0.00174459
   27.75775776    0.00176069
   27.79779780    0.00177695
   27.83783784    0.00179331
   27.87787788    0.00180972
   27.91791792    0.00182613
   27.95795796    0.00184251
   27.99799800    0.00185886
   28.03803804    0.00187518
   28.07807808    0.00189151
   28.11811812    0.00190788
   28.15815816    0.00192435
   28.19819820    0.00194101
   28.23823824    0.00195794
   28.27827828    0.00197524
   28.31831832    0.00199300
   28.35835836    0.00201133
   28.39839840    0.00203031
   28.43843844    0.00205004
   28.47847848    0.00207059
   28.51851852    0.00209201
   28.55855856    0.00211436
   28.59859860    0.00213765
   28.63863864    0.00216188
   28.67867868    0.00218704
   28.71871872    0.00221307
   28.75875876    0.00223992
   28.79879880    0.00226748
   28.83883884    0.00229565
   28.87887888    0.00232429
   28.91891892    0.00235326
   28.95895896    0.00238239
   28.99899900    0.00241151
   29.03903904    0.00244046
   29.07907908    0.00246906
   29.11911912    0.00249717
   29.15915916    0.00252465
   29.19919920    0.00255140
   29.23923924    0.00257734
   29.27927928    0.00260243
   29.31931932    0.00262667
   29.35935936    0.00265009
   29.39939940    0.00267277
   29.43943944    0.00269480
   29.47947948    0.00271632
   29.51951952    0.00273747
   29.55955956    0.00275841
   29.59959960    0.00277930
   29.63963964    0.00280030
   29.67967968    0.00282153
   29.71971972    0.00284313
   29.75975976    0.00286517
   29.79979980    0.00288772
   29.83983984    0.00291080
   29.87987988    0.00293442
   29.91991992    0.00295852
   29.95995996    0.00298305
   30.00000000    0.00300790
